135
136
137
138
139
140
144
145
158
170
172
173
174
176
177
179
182
183
184
189
192
195
196
201
202
203
204
206
207
208
210
212
215
218
219
220
221
222
223
225
228
229
230
233
234
236
237
238
239
240
241
244
245
246
247
248
251
252
255
258
260
263
267
270
274
282
283
284
285
286
287
289
290
291
292
295
296
297
298
301
304
305
306
308
310
312
313
314
316
317
318
319
320
321
323
325
326
327
329
331
332
335
336
337
339
340
341
342
343
344
345
346
347
348
349
350
351
352
353
354
355
356
357
358
359
360
361
363
364
365
366
368
370
371
372
373
376
377
379
380
381
382
383
384
386
387
388
389
391
394
397
398
399
401
403
405
409
411
412
413
416
417
418
421
422
423
424
425
428
429
430
431
432
434
435
438
440
441
443
444
445
447
448
452
453
454
456
459
460
463
465
466
468
469
470
471
473
474
477
479
480
482
483
487
488
489
490
491
492
493
494
495
496
498
500
501
503
504
505
506
507
508
509
510
511
512
513
514
516
518
519
521
524
526
527
528
530
532
534
536
537
541
542
543
544
546
549
550
551
552
554
555
556
557
560
561
562
563
564
566
569
570
572
573
575
577
579
580
581
582
583
584
586
587
588
589
590
591
593
594
595
596
598
599
600
601
604
605
606
607
608
609
610
611
613
614
615
616
617
618
619
620
622
623
625
627
629
631
633
637
639
641
642
647
648
649
650
652
655
656
658
659
660
661
662
663
665
666
667
668
669
671
672
674
677
680
681
683
684
685
686
689
690
692
693
694
695
696
697
699
700
701
702
703
704
706
707
708
709
710
711
712
714
715
716
717
718
719
721
722
723
724
725
727
728
729
732
734
736
737
738
739
740
741
742
747
749
750
753
754
756
758
760
761
764
765
766
767
768
772
774
775
776
778
781
783
784
785
787
788
793
794
795
798
799
800
801
802
803
804
805
809
810
811
812
814
815
817
819
820
822
823
824
826
829
830
831
832
833
835
836
837
838
839
841
842
843
844
845
847
849
851
852
854
856
857
858
859
860
861
862
863
867
870
872
874
875
876
877
878
879
880
881
883
884
885
886
888
889
893
896
899
900
901
908
909
912
913
916
918
919
920
921
922
923
924
926
928
929
931
932
933
934
935
936
937
938
939
940
942
943
944
945
948
949
950
953
954
956
957
958
959
960
963
964
965
966
967
968
972
973
974
975
977
978
979
980
981
982
983
984
987
988
990
991
992
993
995
996
997
999
1003
1006
1010
1011
1012
1015
1016
1018
1019
1022
1023
1025
1026
1027
1028
1029
1032
1033
1035
1036
1037
1043
1046
1047
1049
1050
1054
1056
1059
1060
1062
1064
1065
1066
1067
1068
1069
1070
1071
1072
1073
1074
1078
1081
1083
1084
1086
1087
1088
1091
1092
1095
1096
1098
1101
1102
1104
1105
1106
1109
1110
1112
1113
1114
1115
1116
1117
1118
1120
1121
1123
1124
1125
1126
1127
1128
1129
1131
1132
1133
2082
2083
2084
2086
2088
2089
2090
2091
2092
2093
2094
2095
2096
2097
2098
2100
2101
2102
2104
2105
2106
2107
2108
2109
2110
2111
2112
2114
2115
2117
2118
2119
2121
2122
2123
2124
2125
2126
2127
2128
2129
2131
2132
2133
2134
2136
2138
2139
2140
2141
2142
2143
2144
2145
2147
2148
2149
2150
2151
2153
2154
2155
2156
2157
2158
2159
2161
2162
2163
2164
2165
2166
2167
2168
2169
2170
2171
2173
2174
2175
2177
2178
2179
2181
2182
2183
2185
2186
2187
2190
2191
2192
2193
2194
2195
2196
2198
2201
2202
2203
2204
2205
2206
2208
2209
2210
2211
2212
2213
2214
2215
2217
2218
2221
2223
2225
2227
2228
2229
2231
2232
2233
2234
2237
2238
2239
2241
2243
2244
2245
2246
2247
2248
2249
2250
2256
2257
2258
2261
2262
2263
2264
2266
2268
2269
2271
2272
2273
2274
2275
2276
2277
2278
2280
2283
2285
2286
2287
2288
2289
2290
2291
2292
2293
2294
2295
2296
2297
2298
2299
2300
2301
2303
2304
2305
2306
2308
2309
2310
2311
2312
2313
2315
2316
2318
2319
2320
2322
2323
2324
2325
2326
2327
2328
2329
2330
2331
2333
2334
2335
2336
2337
2339
2340
2341
2342
2343
2345
2346
2347
2348
2349
2350
2351
2352
2354
2355
2357
2358
2359
2360
2361
2362
2363
2364
2365
2366
2367
2368
2369
2370
2371
2372
2373
2374
2375
2376
2378
2379
2380
2382
2383
2384
2385
2387
2388
2389
2390
2392
2393
2394
2395
2396
2397
2398
2399
2400
2401
2402
2404
2405
2406
2407
2408
2409
2410
2411
2412
2413
2414
2415
2416
2417
2418
2419
2420
2421
2422
2423
2424
2425
2426
2427
2429
2430
2431
2432
2433
2434
2435
2436
2439
2440
2441
2442
2443
2444
2445
2446
2447
2448
2450
2451
2452
2453
2454
2455
2456
2457
2458
2459
2460
2461
2462
2463
2464
2465
2466
2467
2468
2469
2470
2471
2472
2474
2475
2476
2477
2478
2479
2480
2482
2485
2486
2488
2489
2490
2491
2492
2494
2495
2496
2497
2498
2499
2500
2501
2502
2503
2504
2505
2506
2507
2508
2509
2510
2511
2512
2513
2514
2515
2516
2518
2519
2520
2521
2522
2525
2526
2527
2528
2530
2531
2532
2533
2535
2536
2537
2538
2539
2540
2541
2542
2543
2544
2547
2548
2549
2550
2551
2552
2553
2554
2555
2557
2558
2559
2560
2562
2563
2564
2565
2566
2567
2568
2570
2571
2572
2573
2574
2575
2576
2577
2578
2579
2580
2581
2583
2584
2585
2586
2587
2588
2589
2590
2591
2592
2593
2594
2595
2596
2597
2598
2599
2600
2601
2602
2603
2604
2605
2608
2609
2610
2611
2612
2613
2614
2616
2617
2619
2620
2622
2623
2624
2625
2626
2627
2628
2630
2631
2632
2633
2634
2636
2637
2640
2641
2642
2643
2644
2645
2646
2647
2648
2649
2650
2651
2652
2654
2655
2656
2657
2658
2660
2661
2662
2664
2666
2667
2669
2670
2671
2672
2674
2675
2676
2678
2679
2680
2682
2683
2684
2686
2688
2689
2690
2691
2692
2693
2694
2695
2696
2697
2698
2699
2700
2701
2703
2704
2705
2706
2707
2709
2710
2711
2712
2714
2715
2716
2717
2718
2720
2721
2722
2723
2724
2725
2727
2728
2729
2730
2731
2732
2733
2734
2735
2737
2738
2739
2740
2741
2742
2743
2746
2747
2748
2750
2751
2752
2754
2755
2756
2757
2758
2760
2761
2762
2763
2764
2766
2768
2769
2771
2772
2773
2774
2778
2780
2781
2782
2783
2787
2788
2789
2790
2793
2795
2796
2798
2800
2801
2802
2804
2805
2808
2809
2810
2811
2812
2813
2815
2816
2818
2819
2822
2823
2824
2825
2826
2827
2828
2829
2831
2832
2833
2836
2841
2843
2847
2849
2850
2851
2853
2855
2856
2858
2860
2863
2864
2865
2866
2867
2868
2869
2872
2873
2874
2875
2876
2877
2878
2879
2880
2882
2883
2885
2886
2887
2888
2889
2890
2891
2892
2893
2897
2898
2899
2901
2902
2903
2904
2905
2906
2907
2908
2910
2912
2913
2914
2915
2917
2918
2919
2920
2921
2923
2924
2925
2926
2928
2929
2933
2934
2935
2936
2938
2939
2940
2941
2942
2943
2945
2946
2947
2948
2950
2951
2953
2955
2956
2957
2958
2959
2961
2962
2963
2964
2965
2966
2967
2969
2972
2974
2975
2976
2977
2980
2985
2987
2989
2990
2993
2994
2996
2997
2999
3000
3001
3002
3007
3008
3009
3010
3011
3013
3015
3016
3021
3022
3023
3025
3028
3029
3030
3031
3032
3033
3038
3039
3041
3044
3046
3047
3049
3051
3053
3054
3056
3057
3059
3060
3061
3063
3065
3066
3067
3068
3069
3070
3071
3072
3074
3075
3076
3080
3081
3082
3083
3085
3086
3087
3088
3089
3091
3092
3093
3094
3095
3096
3097
3098
3099
3101
3102
3103
3104
3105
3106
3107
3108
3109
3112
3113
3114
3115
3116
3117
3118
3119
3120
3121
3122
3123
3129
3130
3131
3132
3137
3140
3142
3145
3147
3148
3152
3153
3154
3158
3161
3162
3163
3166
3168
3171
3172
3173
3177
3178
3181
3182
3183
3184
3185
3187
3189
3190
3192
3193
3194
3195
3196
3197
3198
3199
3200
3202
3203
3207
3208
3209
3210
3212
3214
3216
3218
3219
3220
3223
3224
3225
3228
3230
3234
3235
3236
3239
3240
3242
3244
3245
3246
3247
3251
3252
3259
3260
3261
3263
3264
3266
3268
3270
3271
3272
3274
3275
3279
3281
3282
3283
3284
3285
3286
3287
3288
3289
3291
3292
3293
3295
3297
3300
3303
3307
3310
3311
3313
3314
3315
3317
3318
3319
3322
3323
3328
3330
3331
3333
3334
3335
3336
3339
3340
3342
3345
3346
3348
3351
3353
3356
3357
3358
3360
3361
3364
3365
3366
3367
3368
3369
3372
3376
3378
3380
3381
3382
3387
3389
3390
3391
3392
3393
3396
3401
3402
3403
3404
3405
3407
3410
3411
3412
3413
3419
3421
3422
3425
3426
3428
3430
3431
3432
3434
3438
3439
3440
3442
3443
3445
3446
3448
3449
3450
3451
3455
3456
3457
3458
3459
3460
3463
3464
3465
3467
3468
3469
3471
3473
3476
3477
3478
3479
3481
3482
3483
3484
3485
3486
3488
3489
3490
3491
3493
3494
3497
3499
3500
3501
3502
3504
3505
3507
3509
3511
3513
3516
3517
3519
3520
3521
3522
3526
3528
3530
3532
3533
3534
3538
3540
3541
3543
3547
3548
3549
3551
3553
3554
3555
3556
3557
3558
3560
3561
6
7
8
9
10
11
12
13
14
16
17
18
19
20
22
23
24
25
26
27
29
30
31
32
33
35
36
37
42
43
45
46
47
49
51
52
53
54
56
57
58
59
60
61
62
64
65
66
67
72
75
76
78
79
81
82
84
86
88
90
91
92
93
94
95
96
97
99
100
101
102
105
106
107
108
111
113
115
117
118
119
121
123
124
125
126
127
128
2052
2055
2058
2059
2060
2063
2065
2066
2067
2071
2072
2081
2983
3126
3146
3160
3222
3256
3258
3515
362
402
404
539
574
612
624
670
698
720
735
759
786
791
807
850
853
869
898
907
952
1002
1005
1020
1024
1038
1077
1079
1107
2152
2172
2226
2356
2517
2545
2785
2791
2982
3037
3073
3133
3134
3138
3143
3144
3149
3150
3159
3169
3180
3221
3229
3232
3238
3241
3248
3253
3269
3290
3296
3309
3324
3347
3352
3362
3385
3420
3435
3461
3474
3492
3535
3544
3765
3769
3772
3773
3776
3777
3782
3783
3784
3787
3789
3791
3794
3795
3798
3800
3801
3803
3804
3807
3809
3813
3814
3815
3822
3828
2786
3384
3793
408
1001
2284
2438
2449
2932
3124
3156
3294
3350
3377
3388
3427
3441
3512
3524
3780
3788
3792
3802
3812
3821
3823
3829
3830
3831
2180
2968
3012
3052
3078
3155
3255
3305
3770
3778
3785
3790
3796
3834
3301
3363
3417
3542
3771
2607
3005
3165
3205
3231
3338
3349
3767
3781
3825
3826
3856
2952
2219
2281
2428
3027
3188
3257
3344
3374
3536
3545
3774
3775
3824
3843
3851
3855
1055
3026
3204
3373
3810
3836
3857
3127
3179
3764
