140
50.057745999999995
19.961374
 
170
50.077467
19.895577
 
172
50.073094
19.88675
 
173
50.057536999999996
19.897547
 
174
50.057241999999995
19.914873999999998
 
176
50.044067
19.998804
 
177
50.093619
19.924138
 
179
50.07769
19.935776999999998
 
182
50.020585999999994
20.022959999999998
 
183
50.098304
19.879414999999998
 
184
50.047736
19.919646
 
189
50.062418
19.928368
 
192
50.065127999999994
19.867504
 
195
50.066686
19.997208
 
196
50.066747
19.962083
 
201
50.054907
19.956501
 
202
50.005587
19.928973
 
203
50.083453999999996
20.057153
 
204
50.062006
19.940984
 
206
50.108332
19.924003
 
208
50.099239
19.953954
 
210
50.062677
20.018922
 
212
50.055138
19.894569999999998
 
215
50.096692999999995
19.993572
 
219
50.107347
20.045773
 
220
50.079671999999995
19.949189999999998
 
221
50.085346
20.007551
 
222
50.040717
19.869574999999998
 
223
50.025251
19.937998
 
228
50.013155999999995
19.906306
 
233
50.123591999999995
19.994082
 
234
49.998481
19.902374
 
237
50.115496
19.982129999999998
 
238
50.110831
20.015155
 
239
50.120481999999996
19.972246
 
241
50.133024
19.973249
 
245
50.131358999999996
19.951435999999998
 
247
50.127424
19.898802
 
251
50.118581999999996
19.926745999999998
 
252
50.126231999999995
19.954121
 
255
50.115407
19.966652
 
258
50.128409
19.973661999999997
 
263
49.999615
19.966072999999998
 
267
50.126025999999996
19.905455
 
289
50.073164999999996
20.027744
 
304
49.984359
20.066577
 
329
50.131499999999996
20.014326
 
347
50.140826999999994
19.973409
 
386
50.084964
19.877997999999998
 
423
50.006640999999995
20.069019
 
444
49.990899999999996
20.03226
 
466
50.096968999999994
19.914773
 
500
50.023998
19.932161
 
512
50.140964
19.989164
 
622
50.044418
19.952199
 
625
50.08069
19.99238
 
627
49.99657
19.957157
 
820
50.052433
19.949579
 
842
50.04248
19.94433
 
857
50.037662
19.9906
 
1015
50.07172
19.962346999999998
 
1026
50.038497
19.946849
 
1029
50.078739
20.029011999999998
 
1037
50.048697999999995
20.101568
 
1065
50.078914
19.971742
 
1068
50.108024
19.896123
 
1070
50.002871999999996
19.891984
 
1081
50.055164
19.947015
 
1096
50.064479
19.93176
 
2098
50.102596
19.91751
 
2185
50.07228
19.895887
 
2271
50.086574
19.974823999999998
 
2277
50.056537
19.954228999999998
 
2309
50.031093
19.940088
 
2339
50.082885
19.953466
 
2364
50.061557
19.928490999999998
 
2395
50.018004999999995
19.983933999999998
 
2440
49.988417999999996
20.05878
 
2467
49.970133999999995
20.012221999999998
 
2513
50.117763
19.920768
 
2565
50.084132999999994
19.968415999999998
 
2689
50.094646
19.951517
 
2701
50.056919
19.929685
 
2705
50.118807999999994
20.009399
 
2743
50.043729
19.987848
 
2756
50.001315999999996
19.925144
 
2903
50.09422
19.90524
 
2935
50.072967
19.914828999999997
 
2972
49.991049999999994
19.913595
 
3095
50.116699
19.914289
 
3178
49.993365999999995
19.946924
 
3209
50.117667999999995
20.033666
 
3282
50.097125999999996
19.992093999999998
 
3430
49.985546
20.059960999999998
 
17
50.057677999999996
19.926189
 
18
50.010574999999996
19.949189
 
19
50.069308
20.053492
 
58
50.057446999999996
19.946008
 
59
50.099360999999995
20.018317
 
60
50.081196999999996
19.895357999999998
 
3338
50.093619999999994
19.924136999999998
 
3826
50.073164999999996
20.027744
 
3856
50.099239
19.953954
 
