id=140
173
174
176
177
179
184
189
195
196
201
204
208
210
212
215
220
221
223
500
622
625
820
842
857
1015
1026
1065
1081
1096
2185
2271
2277
2309
2339
2364
2395
2565
2689
2701
2743
2935
3282
17
58
3338
3856
id=170
172
173
174
177
179
183
184
189
192
196
204
206
208
212
220
222
386
466
820
1015
1068
1081
1096
2098
2185
2277
2339
2364
2513
2689
2701
2903
2935
3095
17
58
60
3338
3856
id=172
170
173
174
177
179
183
184
189
192
204
206
212
220
222
386
466
1068
1081
1096
2098
2185
2339
2364
2701
2903
2935
17
58
60
3338
id=173
140
170
172
174
177
179
183
184
189
192
196
201
204
212
220
222
223
228
386
466
500
622
820
842
1015
1026
1081
1096
2185
2277
2309
2339
2364
2701
2903
2935
17
58
60
3338
id=174
140
170
172
173
177
179
184
189
192
196
201
204
212
220
222
223
228
386
466
500
622
820
842
1015
1026
1065
1081
1096
2185
2277
2309
2339
2364
2565
2689
2701
2903
2935
17
58
60
3338
id=176
140
182
195
196
201
204
210
221
223
289
622
625
820
842
857
1015
1026
1029
1065
1081
2277
2309
2395
2565
2743
19
58
3826
id=177
140
170
172
173
174
179
183
189
196
201
204
206
208
212
215
220
237
239
245
247
251
252
255
267
386
466
820
1015
1065
1068
1081
1096
2098
2185
2271
2277
2339
2364
2513
2565
2689
2701
2903
2935
3095
3282
17
58
60
3338
3856
id=179
140
170
172
173
174
177
183
184
189
195
196
201
204
206
208
212
215
220
251
255
386
466
622
625
820
842
1015
1026
1065
1068
1081
1096
2098
2185
2271
2277
2339
2364
2513
2565
2689
2701
2903
2935
3095
3282
17
58
60
3338
3856
id=182
176
210
263
423
444
857
2395
2440
2743
3430
id=183
170
172
173
177
179
192
206
212
247
251
267
386
466
1068
2098
2185
2513
2903
2935
3095
60
3338
id=184
140
170
172
173
174
179
189
192
196
201
202
204
212
220
222
223
228
500
622
820
842
1015
1026
1081
1096
2185
2277
2309
2339
2364
2701
2743
2935
17
18
58
60
id=189
140
170
172
173
174
177
179
184
192
195
196
201
204
208
212
220
222
223
386
466
500
622
625
820
842
1015
1026
1065
1081
1096
2098
2185
2271
2277
2309
2339
2364
2565
2689
2701
2743
2903
2935
17
58
60
3338
3856
id=192
170
172
173
174
183
184
189
212
222
386
466
1096
2185
2364
2701
2903
2935
17
60
id=195
140
176
179
189
196
201
203
204
208
210
215
220
221
289
622
625
820
842
857
1015
1026
1029
1065
1081
1096
2271
2277
2339
2364
2565
2689
2701
2743
3282
19
58
59
3826
3856
id=196
140
170
173
174
176
177
179
184
189
195
201
204
208
210
212
215
220
221
223
289
466
622
625
820
842
857
1015
1026
1029
1065
1081
1096
2185
2271
2277
2309
2339
2364
2565
2689
2701
2743
2935
3282
17
58
3338
3826
3856
id=201
140
173
174
176
177
179
184
189
195
196
204
208
210
212
220
221
223
500
622
625
820
842
857
1015
1026
1065
1081
1096
2185
2271
2277
2309
2339
2364
2395
2565
2689
2701
2743
2935
17
18
58
3338
3856
id=202
184
223
228
234
263
500
622
627
842
1026
1070
2309
2395
2756
2972
3178
18
id=203
195
210
215
219
221
238
289
625
1029
1037
3209
3282
19
59
3826
id=204
140
170
172
173
174
176
177
179
184
189
195
196
201
208
212
220
223
466
500
622
625
820
842
857
1015
1026
1065
1081
1096
2098
2185
2271
2277
2309
2339
2364
2565
2689
2701
2743
2903
2935
17
58
60
3338
3856
id=206
170
172
177
179
183
208
220
237
239
241
245
247
251
252
255
258
267
386
466
1015
1065
1068
1096
2098
2185
2271
2339
2513
2565
2689
2903
2935
3095
60
3338
3856
id=208
140
170
177
179
189
195
196
201
204
206
215
220
221
233
237
238
239
241
245
251
252
255
258
267
347
466
625
1015
1065
1068
1081
1096
2098
2271
2277
2339
2364
2513
2565
2689
2705
2903
2935
3095
3282
58
59
60
3338
3856
id=210
140
176
182
195
196
201
203
215
221
289
625
857
1015
1029
1065
2271
2277
2565
2743
3282
19
59
3826
id=212
140
170
172
173
174
177
179
183
184
189
192
196
201
204
220
222
223
228
386
466
500
622
820
842
1026
1081
1096
2185
2277
2309
2364
2701
2903
2935
17
58
60
3338
id=215
140
177
179
195
196
203
208
210
219
220
221
233
237
238
239
241
245
252
255
258
289
329
512
625
1015
1029
1065
2271
2339
2565
2689
2705
3209
3282
59
3338
3826
3856
id=219
203
215
221
233
237
238
289
329
625
1029
2705
3209
3282
19
59
3826
id=220
140
170
172
173
174
177
179
184
189
195
196
201
204
206
208
212
215
221
237
239
251
255
466
622
625
820
842
1015
1026
1065
1068
1081
1096
2098
2185
2271
2277
2339
2364
2513
2565
2689
2701
2743
2903
2935
3095
3282
17
58
60
3338
3856
id=221
140
176
195
196
201
203
208
210
215
219
220
233
237
238
239
255
289
625
1015
1029
1065
2271
2277
2339
2565
2689
2705
2743
3209
3282
19
59
3826
3856
id=222
170
172
173
174
184
189
192
212
228
386
500
1070
2185
2364
2701
2935
17
60
id=223
140
173
174
176
184
189
196
201
202
204
212
228
234
263
500
622
627
820
842
857
1026
1070
1081
1096
2277
2309
2364
2395
2701
2743
2756
2972
3178
17
18
58
id=228
173
174
184
202
212
222
223
234
263
500
622
627
842
1026
1070
2309
2756
2972
3178
18
id=233
208
215
219
221
237
238
239
241
245
251
252
255
258
329
347
512
625
2271
2565
2689
2705
3209
3282
59
3856
id=234
202
223
228
263
500
627
1070
2309
2756
2972
3178
18
id=237
177
206
208
215
219
220
221
233
238
239
241
245
251
252
255
258
329
347
512
625
1065
2098
2271
2339
2513
2565
2689
2705
3095
3209
3282
59
3338
3856
id=238
203
208
215
219
221
233
237
239
241
252
255
258
289
329
347
512
625
1029
1065
2271
2565
2689
2705
3209
3282
59
3826
3856
id=239
177
206
208
215
220
221
233
237
238
241
245
251
252
255
258
267
329
347
466
512
625
1065
2098
2271
2339
2513
2565
2689
2705
3095
3209
3282
59
3338
3856
id=241
206
208
215
233
237
238
239
245
251
252
255
258
267
329
347
512
2513
2689
2705
3095
3209
3282
59
3856
id=245
177
206
208
215
233
237
239
241
247
251
252
255
258
267
329
347
466
512
1068
2098
2513
2689
2705
3095
3282
3338
3856
id=247
177
183
206
245
251
252
267
386
466
1068
2098
2513
2903
3095
3338
id=251
177
179
183
206
208
220
233
237
239
241
245
247
252
255
258
267
347
466
1068
2098
2271
2339
2513
2565
2689
2903
3095
60
3338
3856
id=252
177
206
208
215
233
237
238
239
241
245
247
251
255
258
267
329
347
466
512
1068
2098
2271
2339
2513
2565
2689
2705
2903
3095
3282
3338
3856
id=255
177
179
206
208
215
220
221
233
237
238
239
241
245
251
252
258
267
329
347
466
512
625
1015
1065
2098
2271
2339
2513
2565
2689
2705
2903
3095
3209
3282
59
3338
3856
id=258
206
208
215
233
237
238
239
241
245
251
252
255
267
329
347
512
2098
2271
2513
2565
2689
2705
3095
3209
3282
59
3856
id=263
182
202
223
228
234
444
500
627
857
1026
2309
2395
2467
2756
2972
3178
18
id=267
177
183
206
208
239
241
245
247
251
252
255
258
386
466
1068
2098
2513
2689
2903
3095
3338
3856
id=289
176
195
196
203
210
215
219
221
238
625
857
1015
1029
1065
2271
2565
2743
3209
3282
19
59
3826
id=304
423
444
2440
2467
3430
id=329
215
219
233
237
238
239
241
245
252
255
258
347
512
2705
3209
3282
59
id=347
208
233
237
238
239
241
245
251
252
255
258
329
512
2513
2705
3095
3856
id=386
170
172
173
174
177
179
183
189
192
206
212
222
247
267
466
1068
1096
2098
2185
2364
2513
2701
2903
2935
3095
17
60
3338
id=423
182
304
444
2440
3430
id=444
182
263
304
423
2395
2440
2467
3430
id=466
170
172
173
174
177
179
183
189
192
196
204
206
208
212
220
239
245
247
251
252
255
267
386
1015
1065
1068
1096
2098
2185
2271
2339
2364
2513
2565
2689
2701
2903
2935
3095
17
58
60
3338
3856
id=500
140
173
174
184
189
201
202
204
212
222
223
228
234
263
622
627
820
842
857
1026
1070
1081
1096
2277
2309
2364
2395
2701
2743
2756
2972
3178
17
18
58
id=512
215
233
237
238
239
241
245
252
255
258
329
347
2705
3209
3282
id=622
140
173
174
176
179
184
189
195
196
201
202
204
212
220
223
228
500
625
820
842
857
1015
1026
1065
1081
1096
2271
2277
2309
2339
2364
2395
2565
2701
2743
2935
17
18
58
id=625
140
176
179
189
195
196
201
203
204
208
210
215
219
220
221
233
237
238
239
255
289
622
820
857
1015
1029
1065
1081
1096
2271
2277
2339
2565
2689
2705
2743
3282
19
58
59
3826
3856
id=627
202
223
228
234
263
500
1026
1070
2309
2395
2467
2756
2972
3178
18
id=820
140
170
173
174
176
177
179
184
189
195
196
201
204
212
220
223
500
622
625
842
857
1015
1026
1065
1081
1096
2185
2271
2277
2309
2339
2364
2395
2565
2689
2701
2743
2935
17
18
58
3338
id=842
140
173
174
176
179
184
189
195
196
201
202
204
212
220
223
228
500
622
820
857
1015
1026
1065
1081
1096
2185
2277
2309
2339
2364
2395
2565
2701
2743
2756
2935
17
18
58
id=857
140
176
182
195
196
201
204
210
223
263
289
500
622
625
820
842
1015
1026
1065
1081
2277
2309
2395
2701
2743
18
58
3826
id=1015
140
170
173
174
176
177
179
184
189
195
196
201
204
206
208
210
215
220
221
255
289
466
622
625
820
842
857
1026
1029
1065
1081
1096
2098
2185
2271
2277
2309
2339
2364
2565
2689
2701
2743
2903
2935
3282
17
58
60
3338
3826
3856
id=1026
140
173
174
176
179
184
189
195
196
201
202
204
212
220
223
228
263
500
622
627
820
842
857
1015
1065
1081
1096
2277
2309
2339
2364
2395
2701
2743
2756
2935
17
18
58
id=1029
176
195
196
203
210
215
219
221
238
289
625
1015
1065
2271
2565
2705
2743
3209
3282
19
59
3826
id=1037
203
19
id=1065
140
174
176
177
179
189
195
196
201
204
206
208
210
215
220
221
237
238
239
255
289
466
622
625
820
842
857
1015
1026
1029
1081
1096
2098
2271
2277
2339
2364
2565
2689
2701
2743
2935
3282
17
58
59
3338
3826
3856
id=1068
170
172
177
179
183
206
208
220
245
247
251
252
267
386
466
2098
2185
2339
2513
2689
2903
2935
3095
60
3338
3856
id=1070
202
222
223
228
234
500
627
2309
2756
2972
3178
18
id=1081
140
170
172
173
174
176
177
179
184
189
195
196
201
204
208
212
220
223
500
622
625
820
842
857
1015
1026
1065
1096
2185
2271
2277
2309
2339
2364
2395
2565
2689
2701
2743
2935
17
18
58
60
3338
3856
id=1096
140
170
172
173
174
177
179
184
189
192
195
196
201
204
206
208
212
220
223
386
466
500
622
625
820
842
1015
1026
1065
1081
2098
2185
2271
2277
2309
2339
2364
2565
2689
2701
2743
2903
2935
17
58
60
3338
3856
id=2098
170
172
177
179
183
189
204
206
208
220
237
239
245
247
251
252
255
258
267
386
466
1015
1065
1068
1096
2185
2271
2339
2364
2513
2565
2689
2903
2935
3095
60
3338
3856
id=2185
140
170
172
173
174
177
179
183
184
189
192
196
201
204
206
212
220
222
386
466
820
842
1015
1068
1081
1096
2098
2277
2339
2364
2689
2701
2903
2935
17
58
60
3338
id=2271
140
177
179
189
195
196
201
204
206
208
210
215
220
221
233
237
238
239
251
252
255
258
289
466
622
625
820
1015
1029
1065
1081
1096
2098
2277
2339
2364
2565
2689
2701
2705
2743
2935
3282
17
58
59
3338
3826
3856
id=2277
140
170
173
174
176
177
179
184
189
195
196
201
204
208
210
212
220
221
223
500
622
625
820
842
857
1015
1026
1065
1081
1096
2185
2271
2309
2339
2364
2395
2565
2689
2701
2743
2935
17
58
3338
3856
id=2309
140
173
174
176
184
189
196
201
202
204
212
223
228
234
263
500
622
627
820
842
857
1015
1026
1070
1081
1096
2277
2364
2395
2701
2743
2756
2935
2972
3178
17
18
58
id=2339
140
170
172
173
174
177
179
184
189
195
196
201
204
206
208
215
220
221
237
239
251
252
255
466
622
625
820
842
1015
1026
1065
1068
1081
1096
2098
2185
2271
2277
2364
2513
2565
2689
2701
2743
2903
2935
3095
3282
17
58
59
60
3338
3856
id=2364
140
170
172
173
174
177
179
184
189
192
195
196
201
204
208
212
220
222
223
386
466
500
622
820
842
1015
1026
1065
1081
1096
2098
2185
2271
2277
2309
2339
2565
2689
2701
2743
2903
2935
17
58
60
3338
3856
id=2395
140
176
182
201
202
223
263
444
500
622
627
820
842
857
1026
1081
2277
2309
2743
2756
3178
18
id=2440
182
304
423
444
2467
3430
id=2467
263
304
444
627
2440
3430
id=2513
170
177
179
183
206
208
220
237
239
241
245
247
251
252
255
258
267
347
386
466
1068
2098
2339
2689
2903
2935
3095
60
3338
3856
id=2565
140
174
176
177
179
189
195
196
201
204
206
208
210
215
220
221
233
237
238
239
251
252
255
258
289
466
622
625
820
842
1015
1029
1065
1081
1096
2098
2271
2277
2339
2364
2689
2701
2705
2743
2903
2935
3282
17
58
59
3338
3826
3856
id=2689
140
170
174
177
179
189
195
196
201
204
206
208
215
220
221
233
237
238
239
241
245
251
252
255
258
267
466
625
820
1015
1065
1068
1081
1096
2098
2185
2271
2277
2339
2364
2513
2565
2701
2705
2903
2935
3095
3282
17
58
59
60
3338
3856
id=2701
140
170
172
173
174
177
179
184
189
192
195
196
201
204
212
220
222
223
386
466
500
622
820
842
857
1015
1026
1065
1081
1096
2185
2271
2277
2309
2339
2364
2565
2689
2743
2903
2935
17
58
60
3338
id=2705
208
215
219
221
233
237
238
239
241
245
252
255
258
329
347
512
625
1029
2271
2565
2689
3209
3282
59
3856
id=2743
140
176
182
184
189
195
196
201
204
210
220
221
223
289
500
622
625
820
842
857
1015
1026
1029
1065
1081
1096
2271
2277
2309
2339
2364
2395
2565
2701
17
18
58
3826
id=2756
202
223
228
234
263
500
627
842
1026
1070
2309
2395
2972
3178
18
id=2903
170
172
173
174
177
179
183
189
192
204
206
208
212
220
247
251
252
255
267
386
466
1015
1068
1096
2098
2185
2339
2364
2513
2565
2689
2701
2935
3095
17
60
3338
3856
id=2935
140
170
172
173
174
177
179
183
184
189
192
196
201
204
206
208
212
220
222
386
466
622
820
842
1015
1026
1065
1068
1081
1096
2098
2185
2271
2277
2309
2339
2364
2513
2565
2689
2701
2903
3095
17
58
60
3338
3856
id=2972
202
223
228
234
263
500
627
1070
2309
2756
3178
18
id=3095
170
177
179
183
206
208
220
237
239
241
245
247
251
252
255
258
267
347
386
466
1068
2098
2339
2513
2689
2903
2935
60
3338
3856
id=3178
202
223
228
234
263
500
627
1070
2309
2395
2756
2972
18
id=3209
203
215
219
221
233
237
238
239
241
255
258
289
329
512
1029
2705
3282
59
3826
id=3282
140
177
179
195
196
203
208
210
215
219
220
221
233
237
238
239
241
245
252
255
258
289
329
512
625
1015
1029
1065
2271
2339
2565
2689
2705
3209
59
3338
3826
3856
id=3430
182
304
423
444
2440
2467
id=17
140
170
172
173
174
177
179
184
189
192
196
201
204
212
220
222
223
386
466
500
622
820
842
1015
1026
1065
1081
1096
2185
2271
2277
2309
2339
2364
2565
2689
2701
2743
2903
2935
58
60
3338
id=18
184
201
202
223
228
234
263
500
622
627
820
842
857
1026
1070
1081
2309
2395
2743
2756
2972
3178
id=19
176
195
203
210
219
221
289
625
1029
1037
59
3826
id=58
140
170
172
173
174
176
177
179
184
189
195
196
201
204
208
212
220
223
466
500
622
625
820
842
857
1015
1026
1065
1081
1096
2185
2271
2277
2309
2339
2364
2565
2689
2701
2743
2935
17
60
3338
3856
id=59
195
203
208
210
215
219
221
233
237
238
239
241
255
258
289
329
625
1029
1065
2271
2339
2565
2689
2705
3209
3282
19
3826
3856
id=60
170
172
173
174
177
179
183
184
189
192
204
206
208
212
220
222
251
386
466
1015
1068
1081
1096
2098
2185
2339
2364
2513
2689
2701
2903
2935
3095
17
58
3338
3856
id=3338
140
170
172
173
174
177
179
183
189
196
201
204
206
208
212
215
220
237
239
245
247
251
252
255
267
386
466
820
1015
1065
1068
1081
1096
2098
2185
2271
2277
2339
2364
2513
2565
2689
2701
2903
2935
3095
3282
17
58
60
3856
id=3826
176
195
196
203
210
215
219
221
238
289
625
857
1015
1029
1065
2271
2565
2743
3209
3282
19
59
id=3856
140
170
177
179
189
195
196
201
204
206
208
215
220
221
233
237
238
239
241
245
251
252
255
258
267
347
466
625
1015
1065
1068
1081
1096
2098
2271
2277
2339
2364
2513
2565
2689
2705
2903
2935
3095
3282
58
59
60
3338
