135
50.15027
19.93276

136
50.1502
19.93232

137
50.1502
19.9326

138
50.17255
19.915419999999997

139
50.17268
19.91511

140
50.057745999999995
19.961374

144
50.139210999999996
19.886934999999998

145
50.139071
19.887579

158
50.184129999999996
19.791083

170
50.077467
19.895577

172
50.073094
19.88675

173
50.057536999999996
19.897547

174
50.057241999999995
19.914873999999998

176
50.044067
19.998804

177
50.093619
19.924138

179
50.07769
19.935776999999998

182
50.020585999999994
20.022959999999998

183
50.098304
19.879414999999998

184
50.047736
19.919646

189
50.062418
19.928368

192
50.065127999999994
19.867504

195
50.066686
19.997208

196
50.066747
19.962083

201
50.054907
19.956501

202
50.005587
19.928973

203
50.083453999999996
20.057153

204
50.062006
19.940984

206
50.108332
19.924003

207
50.174264
19.849742

208
50.099239
19.953954

210
50.062677
20.018922

212
50.055138
19.894569999999998

215
50.096692999999995
19.993572

218
50.042476
19.826992999999998

219
50.107347
20.045773

220
50.079671999999995
19.949189999999998

221
50.085346
20.007551

222
50.040717
19.869574999999998

223
50.025251
19.937998

225
50.020756
19.844075999999998

228
50.013155999999995
19.906306

229
50.139077
19.926778

230
50.152096
19.919811

233
50.123591999999995
19.994082

234
49.998481
19.902374

236
50.149958
19.933871

237
50.115496
19.982129999999998

238
50.110831
20.015155

239
50.120481999999996
19.972246

240
50.150666
19.898789999999998

241
50.133024
19.973249

244
50.173597
19.91405

245
50.131358999999996
19.951435999999998

246
50.148236999999995
19.95973

247
50.127424
19.898802

248
50.174945
19.877311

251
50.118581999999996
19.926745999999998

252
50.126231999999995
19.954121

255
50.115407
19.966652

258
50.128409
19.973661999999997

260
50.184017999999995
19.791425

263
49.999615
19.966072999999998

267
50.126025999999996
19.905455

270
50.157509999999995
19.845108

274
50.167398
19.828381

282
50.035861
20.189024999999997

283
49.709711999999996
20.422881999999998

284
50.261973999999995
19.565186999999998

285
49.658763
21.162157999999998

286
49.976503
20.196247

287
50.049535
20.32377

289
50.073164999999996
20.027744

290
49.996944
20.129623

291
50.003254
20.140881

292
50.075103999999996
20.351506

295
49.705814
20.422458

296
50.011323
20.194639

297
50.478747999999996
17.321065

298
49.992402
20.189256

301
50.162284
19.946914

304
49.984359
20.066577

305
49.736703
19.562555

306
49.740752
19.593044

308
49.754138
19.604848

310
52.227844
16.356507999999998

312
50.231414
19.859958

313
50.230201
19.852895

314
50.224895
19.912392999999998

316
50.241882
19.900396

317
50.213378
19.904199

318
50.194064999999995
19.900492999999997

319
50.196608999999995
19.873229

320
50.151409
20.044297999999998

321
49.979251
20.642753

323
49.950472999999995
19.973186

325
49.934829
19.961107

326
49.938755
19.973865

327
49.945388
19.973121

329
50.131499999999996
20.014326

331
50.171852
19.958278

332
50.175017999999994
20.039064

335
50.160854
19.997609999999998

336
50.352787
20.019735

337
52.235617999999995
21.011198999999998

339
49.733115999999995
19.597452

340
50.3568
20.028696

341
50.360233
20.026752

342
50.361259
20.040498

343
50.355094
20.035085

344
50.355613
20.013966999999997

345
49.738746
19.613155

346
50.032734999999995
19.240167

347
50.140826999999994
19.973409

348
49.997870999999996
20.235227

349
50.165008
20.03992

350
50.183803
20.022508

351
52.410247
17.077462999999998

352
50.185142
19.947767

353
50.137145
20.041231

354
50.145446
20.027565

355
51.099486999999996
16.941488

356
52.087703
20.94952

357
49.982181
20.257381

358
49.976543
20.260353

359
52.090782
20.936759

360
52.091629
21.002325

361
52.077407
20.889991

363
49.972103
19.898235

364
52.06747
20.93468

365
52.159828
21.095948999999997

366
50.180220999999996
19.970084999999997

368
49.942878
19.88499

370
52.114864
20.974273

371
49.985996
20.234212

372
49.993389
20.299481999999998

373
49.986671
20.318702

376
52.039851999999996
20.860063

377
52.09777
20.910259

379
52.404391999999994
17.074358999999998

380
50.458286
17.349435

381
49.995287999999995
20.265821

382
50.483245
17.337839

383
50.090067999999995
19.322656

384
50.004165
20.252422

386
50.084964
19.877997999999998

387
49.987998
19.779314

388
50.122886
19.707763

389
50.048263
19.649922999999998

391
50.107879
19.32961

394
50.155871999999995
20.02762

397
50.124598999999996
19.82208

398
50.323608
19.200243999999998

399
50.205261
20.013813

401
50.261435999999996
19.948608

403
49.683803
19.971904

405
52.1515
21.058408

409
50.006187
19.769004

411
50.158687
19.794548

412
50.146449999999994
19.763271

413
50.147555999999994
19.793443

416
50.01424
19.585721

417
50.666591
17.924588999999997

418
49.989021
19.677871

421
52.749480999999996
15.23011

422
51.555682999999995
20.020141

423
50.006640999999995
20.069019

424
49.640536999999995
19.915744

425
50.015338
20.111307

428
52.736877
15.235928

429
49.985385
20.145692

430
49.946086
20.156784

431
52.726718
15.205102

432
52.723983
15.231088

434
52.733661
15.214995

435
51.904247
16.682579

438
50.149014
19.376848

440
51.818889
16.581986999999998

441
51.637397
15.137962

443
52.18246
21.055809999999997

444
49.990899999999996
20.03226

445
50.22293
19.978358999999998

447
50.243137
19.97672

448
50.323851999999995
19.183557

452
49.675022
21.167589

453
50.13482
19.420206999999998

454
49.581824999999995
20.853536

456
49.587576999999996
20.821651

459
49.58535
20.746219

460
51.810793999999994
16.307764

463
49.579032
20.78968

465
49.604746999999996
20.787209999999998

466
50.096968999999994
19.914773

468
50.015121
18.577407

469
52.722499
15.178469999999999

470
50.016203999999995
20.979713

471
53.130638
17.94145

473
49.950959999999995
20.034789999999997

474
50.012679999999996
21.023521

477
50.344055
19.614943999999998

479
50.027694
20.982795

480
49.567214
20.828523

482
50.137611
19.818424

483
50.136511999999996
19.629081

487
50.135214999999995
19.641294

488
50.123321
19.731733

489
50.103590999999994
19.740848

490
49.271072
19.981834

491
50.093582
19.808322

492
50.172247999999996
19.8985

493
50.099708
19.837011

494
51.875586999999996
16.072060999999998

495
51.880905
16.056953

496
51.876692999999996
16.077568

498
51.880587999999996
16.072439

500
50.023998
19.932161

501
50.008575
20.965363999999997

503
50.132579
19.784112

504
49.646212999999996
21.176161999999998

505
50.261106
18.573225

506
50.166244
19.872356

507
50.328848
18.720326999999997

508
50.066210999999996
19.542925999999998

509
50.289933999999995
18.659788

510
50.112837999999996
19.695131

511
49.590208999999994
20.716569

512
50.140964
19.989164

513
50.137980999999996
19.738477

514
50.150634
19.777849

516
50.124507
19.701921

518
49.966018
20.299782999999998

519
49.981941
20.070152

521
50.120655
19.780929

524
49.969451
20.440755

526
50.298122
18.672529

527
50.197787999999996
19.945341

528
52.210772999999996
20.967868

530
49.609370999999996
20.814052

532
49.730135
19.669328999999998

534
49.732226999999995
20.318348

536
49.575969
20.59415

537
50.266223
19.462106

541
50.134082
19.841500999999997

542
52.219113
21.017232999999997

543
52.227461999999996
21.080073

544
52.221171999999996
20.983272

546
52.198135
21.120231

549
50.123850999999995
19.874603

550
51.972921
17.500719999999998

551
52.363372
16.631401999999998

552
52.433873
17.034937

554
51.977070999999995
17.508853

555
49.854484
19.796058

556
52.434584
16.816523999999998

557
50.086414
19.532653

560
50.294788
19.164078999999997

561
50.125578999999995
18.985446

562
50.2318
20.135949999999998

563
51.544956
20.015642

564
51.537025
20.031263

566
51.548572
20.012859

569
51.49932
19.994991

570
51.523193
20.032604

572
51.850573999999995
16.565347

573
51.833503
16.592723

575
51.523674
20.065959

577
51.53572
20.024542999999998

579
51.845943
16.599977

580
51.538633999999995
19.963219

581
51.782928
16.680618

582
51.84019
16.582809

583
51.84621
16.5718

584
51.818332
16.653493

586
51.83266
16.583596999999997

587
51.776329
16.650752999999998

588
51.903762
16.676897999999998

589
51.518263
20.039892

590
49.857692
19.903164999999998

591
49.833735999999995
20.015238999999998

593
50.06599
19.49456

594
49.96516
20.410823

595
49.964393
20.421782999999998

596
49.831848
19.932567

598
49.970313999999995
20.425037

599
50.225913999999996
18.975296

600
49.865745
19.986604

601
52.180156
20.946744

604
50.145739999999996
19.923548999999998

605
50.055735999999996
19.830333

606
50.079997999999996
20.172922

607
51.883522
16.067653

608
52.227118999999995
21.024307

609
50.05426
19.826461

610
49.969589
20.42749

611
50.079423
20.331183

613
50.067629
20.318886

614
49.83226
19.946678

615
50.152018999999996
19.803083

616
52.804409
21.896303

617
51.365581
19.369842

618
50.100336999999996
18.991063

619
50.437025999999996
18.932605

620
49.942240999999996
19.878481999999998

622
50.044418
19.952199

623
49.842178
19.956653

625
50.08069
19.99238

627
49.99657
19.957157

629
50.003201999999995
20.42843

631
49.962951
20.375383

633
49.981055999999995
20.368973999999998

637
49.699918
19.676105

639
49.914775
20.395839

641
52.304157
21.164554

642
50.134398999999995
19.830833

647
52.165065
20.811145

648
52.259788
21.153287

649
52.323080999999995
21.058488

650
52.202284999999996
20.951919

652
49.567099999999996
20.888030999999998

655
50.089847999999996
18.994265

656
50.290755999999995
18.91781

658
52.232875
21.015231999999997

659
50.095378
18.542461

660
50.029368999999996
19.534928999999998

661
50.222578999999996
19.232749

662
50.127182
19.864904

663
52.431289
17.072312999999998

665
50.266414
20.091625

666
52.450618
17.089956

667
50.113433
19.281216999999998

668
50.091093
19.00361

669
49.9267
20.185969999999998

671
49.730272
19.679341

672
50.007819
20.699337999999997

674
49.694885
19.703364999999998

677
49.954682
20.126483

680
50.229816
20.093223

681
50.243019
20.081782999999998

683
50.280871999999995
20.032329

684
50.304106999999995
21.439259999999997

685
50.244606
20.085998

686
50.284487999999996
18.594044999999998

689
50.303943
19.189121

690
50.294661999999995
19.12228

692
52.272411
20.986347

693
50.314997999999996
19.071438999999998

694
50.321464
19.126693

695
50.267948
19.231759999999998

696
50.281082
19.111185

697
50.289234
19.266216

699
50.811962
19.125335

700
50.259712
19.017129

701
49.938491
20.56586

702
49.966418999999995
20.57587

703
52.367816
20.835922

704
49.94683
20.608169

706
49.960128
19.190998

707
52.195232
21.06355

708
50.108295
19.838548

709
49.719359999999995
21.717845

710
49.968996999999995
20.605348

711
49.968275999999996
20.644014

712
50.108989
18.973205

714
50.003516999999995
20.619101999999998

715
50.133072999999996
19.407246

716
50.060741
19.693943

717
50.053768
21.415149

718
50.050909999999995
21.410089

719
49.995383999999994
20.67793

721
50.052913
21.409053

722
49.822959
19.949512

723
50.194679
19.802391999999998

724
50.03659
21.379838

725
50.004481999999996
20.654956

727
49.821309
20.019285

728
52.328002
20.944644

729
52.264247
20.988559

732
52.238788
20.895260999999998

734
52.270404
20.946153

736
50.11964
18.999536

737
52.223476
16.365417

738
50.277282
19.127895

739
52.127243
20.9619

740
50.202414999999995
19.271123

741
52.227973
16.372657

742
50.214847
19.264602

747
49.8367
19.383163

749
50.254245
19.017379

750
52.622631
20.36668

753
49.839309
19.68828

754
50.214195
19.348138

756
50.212398
19.255796

758
49.625186
20.691952999999998

760
52.145472999999996
20.705049

761
52.153793
21.020274999999998

764
52.292258999999994
20.850531999999998

765
51.865665
16.584761999999998

766
50.295207
21.421526999999998

767
50.324329
18.583629

768
52.172453999999995
21.075857

772
50.178123
19.760381

774
49.906518
19.776194

775
50.304241
18.689688999999998

776
51.08712
17.012415999999998

778
50.808101
16.281484

781
51.637553999999994
15.153936

783
49.691665
21.197267

784
49.963896999999996
20.119417

785
51.849261999999996
16.57097

787
51.072433
17.006975

788
49.66373
21.157735

793
52.348093999999996
20.856769

794
49.702712999999996
21.764356

795
49.912124
18.680616

798
49.90953
18.655658

799
49.991682999999995
18.714112999999998

800
49.986430999999996
18.675416

801
49.685694999999996
21.79701

802
49.962165
18.702747

803
49.902308999999995
18.70919

804
50.205841
19.555286

805
49.962210999999996
18.669847

809
50.043109
19.582929

810
50.013087999999996
20.165508

811
50.056785
19.772647

812
52.232192
21.078315

814
52.342262
20.887687

815
50.267387
19.17941

817
52.231806999999996
21.058685

819
52.344317999999994
20.875337

820
50.052433
19.949579

822
51.106438999999995
17.033665

823
50.139786
18.992812

824
50.093875
18.542296999999998

826
51.865978
16.695169

829
50.136302
18.961361999999998

830
51.786581999999996
16.667002999999998

831
52.34785
20.893452999999997

832
50.071399
18.326068

833
50.285579
19.555716999999998

835
50.038385999999996
19.222058999999998

836
50.346908
18.918772999999998

837
49.822928999999995
19.050817

838
49.91032
19.112028

839
52.388343
17.11687

841
49.657413
21.157438

842
50.04248
19.94433

843
49.657516
21.139905

844
50.283069
18.876064

845
49.666049
21.167938

847
49.646949
21.169441

849
49.659563999999996
21.158096

851
50.784701999999996
19.144306

852
49.686813
21.177474

854
49.657444
21.153593

856
50.022968
20.738235

857
50.037662
19.9906

858
49.9813
20.301931

859
50.094181
19.39903

860
51.208965
16.164072

861
49.572334
20.723675999999998

862
50.098257999999994
19.426377

863
50.020388999999994
20.685827

867
50.10684
19.70766

870
50.170905
19.373144999999997

872
50.032553
18.506784

874
49.689932999999996
21.747863

875
49.66827
21.764499

876
49.669470999999994
21.772569

877
50.002449
20.160959

878
51.633247
15.121611999999999

879
50.254858999999996
20.058128

880
49.719001
21.710456

881
49.706634
21.749800999999998

883
50.081103999999996
19.764215

884
49.695727999999995
21.770175

885
49.696673999999994
21.77555

886
50.243075999999995
19.288957

888
49.700298
21.723768

889
49.685009
21.783887

893
50.110648999999995
19.000587

896
49.560919999999996
20.744529

899
49.611892
20.707877999999997

900
49.895053
19.876371

901
49.951068
20.923364

908
50.050810999999996
19.380239

909
49.855655
19.346657999999998

912
50.235717
19.46803

913
50.281909
19.446058

916
50.236380999999994
19.427045

918
50.271167
19.467475

919
50.267257
19.491853

920
50.263881
19.448459

921
50.262904999999996
19.463306

922
50.281448
19.429496

923
50.284599
19.420424999999998

924
49.92266
20.944639

926
49.886322
20.954494

928
52.391051999999995
16.892125

929
49.608087
20.687326

931
50.096199
19.769078999999998

932
50.278289
19.553791999999998

933
50.261576999999996
19.570398

934
50.279545
19.570642

935
50.143699
19.879804

936
50.283718
19.563554

937
50.277549
19.561504

938
50.277587
19.57159

939
50.300768999999995
19.547666

940
53.500277999999994
18.759458

942
49.955089
20.962965

943
49.939099999999996
20.903543

944
49.928934999999996
20.926465999999998

945
51.95919
17.505910999999998

948
53.464073
18.726646

949
49.807964
18.988082

950
53.502285
18.775133

953
53.465568
18.76866

954
53.452804
18.720397

956
52.223895999999996
21.017903999999998

957
50.11521
19.384560999999998

958
50.139655
18.637241

959
50.040568
18.309402

960
50.342997999999994
19.615278

963
50.038239
18.396076

964
50.063434
18.420514

965
49.998650999999995
18.456556

966
50.047599999999996
18.473262

967
49.968464999999995
18.527687999999998

968
50.153738
18.683835

972
49.829218999999995
19.338741

973
49.812736
19.328343999999998

974
49.843379
19.308920999999998

975
49.826713
19.319276

977
49.814403
19.391021

978
49.849925
19.343958999999998

979
49.874427
19.687884999999998

980
50.098053
19.465142999999998

981
49.820037
19.370468

982
49.864055
19.341307999999998

983
49.861103
19.354464999999998

984
50.087218
19.018774999999998

987
50.124142
19.048561

988
49.914302
19.903178999999998

990
51.521224
19.994991

991
50.132152999999995
18.97844

992
50.145948999999995
18.999301

993
50.108272
19.041725

995
51.529415
20.03248

996
51.524898
20.017032

997
51.526160999999995
20.024732

999
50.045738
19.493619

1003
49.982127999999996
19.147743

1006
50.070571
19.44701

1010
50.115196
18.989158

1011
50.308643
19.006967

1012
50.491305999999994
18.021879

1015
50.07172
19.962346999999998

1016
52.198851999999995
20.933954

1018
50.16917
19.827109999999998

1019
52.651633999999994
16.07868

1022
50.203201
19.275479999999998

1023
51.51345
20.043609

1025
51.530772999999996
20.010901999999998

1026
50.038497
19.946849

1027
50.157283
19.89491

1028
50.28453
21.465643999999998

1029
50.078739
20.029011999999998

1032
50.290324999999996
21.41407

1033
50.141017
19.863014

1035
50.105781
18.986235999999998

1036
50.296451
21.436045999999997

1037
50.048697999999995
20.101568

1043
51.537577999999996
20.018183999999998

1046
52.234443
21.011889999999998

1047
51.5335
19.99636

1049
49.64785
19.820648

1050
50.123638
18.980515999999998

1054
51.531101
19.996261

1056
51.527347
20.00275

1059
52.248160999999996
21.047359

1060
49.647681999999996
19.829781999999998

1062
52.397622999999996
16.89924

1064
50.455921
17.333143

1065
50.078914
19.971742

1066
52.195251
21.023678999999998

1067
50.770168
16.277293999999998

1068
50.108024
19.896123

1069
52.214999999999996
20.980407

1070
50.002871999999996
19.891984

1071
52.229803999999994
20.914735

1072
52.160613999999995
21.0279

1073
49.760314
19.069353

1074
52.242335999999995
20.995433

1078
49.82806
19.887807

1081
50.055164
19.947015

1083
50.040775
19.440286

1084
50.539466
18.076090999999998

1086
52.154658999999995
20.923595

1087
50.903090999999996
15.738738999999999

1088
49.985884999999996
19.156969999999998

1091
52.225573999999995
21.082534

1092
50.156845
19.878486

1095
50.247264
19.161379999999998

1096
50.064479
19.93176

1098
50.005686999999995
19.157365

1101
50.011554
20.983843999999998

1102
50.294857
18.66806

1104
50.835860999999994
19.136668999999998

1105
49.651171999999995
21.185544

1106
52.351547
20.826643999999998

1109
52.175228
21.000638

1110
50.828337999999995
19.117839

1112
50.793659
19.100589

1113
50.29457
18.949199

1114
50.819888999999996
19.06624

1115
50.242816
21.491419999999998

1116
50.29734
18.954078

1117
50.317977
21.487232

1118
50.316322
21.454266999999998

1120
52.332237
20.889723999999998

1121
51.844069999999995
16.573978

1123
50.298995
18.675898999999998

1124
49.907363
19.604882999999997

1125
50.291381
21.441122

1126
51.546896999999994
20.023526999999998

1127
51.111053
17.029436

1128
50.2859
21.45083

1129
52.401809
17.163439999999998

1131
50.335327
21.510026

1132
52.337351999999996
20.894819

1133
50.12976
19.862388

2082
51.749041999999996
19.487371

2083
50.133136
18.485426999999998

2084
50.839645
16.476451

2086
50.029571
22.017612

2088
51.53022
20.032401999999998

2089
49.88182
19.221847

2090
49.992714
20.172606

2091
50.100009
18.517341

2092
52.343920999999995
20.898891

2093
50.097881
18.544477

2094
50.090576
18.526135999999997

2095
50.069202
18.548220999999998

2096
52.386882
16.850122

2097
52.490328999999996
20.981042

2098
50.102596
19.91751

2100
53.443706
14.544877999999999

2101
52.103862
20.890386

2102
53.010031999999995
18.582769

2104
49.778265999999995
19.601482

2105
50.70708
22.410943

2106
49.901213999999996
19.168954

2107
50.096996
18.549377

2108
49.684458
19.911645999999998

2109
51.752185
18.078706

2110
50.032047
20.218878999999998

2111
51.523727
20.050167

2112
52.435344
16.924257

2114
50.344966
18.208135

2115
51.245903
22.515086999999998

2117
51.130660999999996
23.472917

2118
52.619712
20.342166

2119
53.130672
23.173688

2121
50.809374999999996
19.11355

2122
53.438209
14.551029999999999

2123
50.116436
19.801319

2124
49.825179999999996
19.04997

2125
49.649707
21.165197

2126
49.665901
19.846100999999997

2127
49.823519999999995
19.841779

2128
51.5419
20.029595999999998

2129
52.209938
20.928621

2131
50.009456
20.971134

2132
49.968582
19.141437

2133
50.186035
19.644765

2134
54.190321999999995
16.19931

2136
49.69334
21.764405999999997

2138
52.372228
16.584893

2139
52.235214
18.248341999999997

2140
50.009647
20.993688

2141
51.127036999999994
16.97849

2142
50.262977
19.010960999999998

2143
52.240592
21.081689

2144
53.709095
16.697692

2145
49.815138999999995
19.042794999999998

2147
51.531423999999994
20.022976

2148
52.170390999999995
22.273466

2149
50.583255
19.336437

2150
50.815802999999995
19.117607

2151
53.127638999999995
18.004215

2153
49.624893
20.690020999999998

2154
52.189181999999995
21.055495999999998

2155
53.770098999999995
20.509603

2156
51.761610999999995
19.492238

2157
50.032149999999994
22.066209

2158
50.193084
19.853015

2159
53.025009
18.625747

2161
49.833121999999996
19.939913999999998

2162
53.024211
18.607978

2163
49.877261999999995
19.140722

2164
53.789451
20.481748

2165
51.541007
20.034574

2166
52.405021
16.864891

2167
51.208904
16.164393999999998

2168
53.17921
22.082603

2169
50.672194999999995
17.950639

2170
50.03527
20.611729

2171
50.46622
17.343055

2173
51.763492
20.25229

2174
50.143862999999996
18.540533

2175
49.783977
19.629644

2177
50.902496
15.743089

2178
50.576301
19.330116

2179
53.697466999999996
19.96363

2181
49.778479999999995
19.561935

2182
51.540084
20.0032

2183
49.783359
19.527032

2185
50.07228
19.895887

2186
49.790091999999994
22.764219

2187
51.938739
15.510005

2190
52.541469
19.696666

2191
52.255736999999996
20.99337

2192
50.037364
21.998357

2193
49.985060999999995
19.194831

2194
54.151519
19.417033999999997

2195
49.968421
20.612319

2196
51.523717
19.995964

2198
50.164684
18.546913

2201
50.573242
19.307329

2202
50.096382
18.583907999999997

2203
53.150161
16.735022999999998

2204
52.185821
21.180251

2205
52.243507
21.083973999999998

2206
50.074622999999995
18.465013

2208
50.109204
18.961681

2209
52.533255999999994
19.704988

2210
54.401069
18.589489999999998

2211
50.048666999999995
18.605902999999998

2212
49.962249
19.632751

2213
50.226138999999996
19.144192999999998

2214
52.240119
21.10284

2215
51.369257999999995
19.376319

2217
50.140353999999995
19.911983

2218
50.142958
18.950132

2221
52.400977999999995
16.965460999999998

2223
54.027713
22.511556

2225
53.740756
20.489402

2227
50.304292
19.033286999999998

2228
51.520213999999996
20.011311

2229
52.619597999999996
20.382175

2231
54.566066
18.390886

2232
51.525338
20.015622

2233
51.525431999999995
19.998428

2234
53.134273
23.148426

2237
54.103747999999996
22.93692

2238
49.832408
19.916923

2239
51.518898
20.013959

2241
49.608621
19.966131999999998

2243
50.122707
18.55005

2244
52.334243
20.909046

2245
51.235485
22.57574

2246
49.916252
19.152649999999998

2247
50.202777
19.246526

2248
53.451969
14.483597

2249
50.261900999999995
19.017156

2250
50.101856
18.492539999999998

2256
54.384876
18.596522999999998

2257
50.179592
19.253595

2258
53.831489
22.340417

2261
50.203047999999995
19.207185

2262
49.601669
19.970685

2263
49.773727
19.600866

2264
50.869147999999996
20.635358

2266
49.987159
19.187829

2268
50.245956
19.114192

2269
50.154125
18.477290999999997

2271
50.086574
19.974823999999998

2272
49.604735999999995
19.967398

2273
50.054556999999996
18.525049

2274
50.086515999999996
19.791138999999998

2275
50.195526
19.259359

2276
51.739528
19.465619999999998

2277
50.056537
19.954228999999998

2278
53.276095999999995
20.994477999999997

2280
53.472353999999996
18.745044

2283
52.631313
20.35173

2285
49.932933
19.103379999999998

2286
50.182762
19.286763999999998

2287
50.647155
17.908822999999998

2288
53.551398999999996
14.573338999999999

2289
51.356356999999996
19.384653

2290
50.164741
19.239653999999998

2291
53.166228999999994
16.73825

2292
51.770195
19.450637

2293
49.972988
20.629258999999998

2294
51.538016999999996
20.035781

2295
50.705883
22.419662

2296
51.534102999999995
20.012518999999998

2297
50.075140999999995
18.615942999999998

2298
49.692001
19.19918

2299
50.902919
15.735949999999999

2300
52.635374999999996
20.369335

2301
50.124736
18.525684

2303
50.103034
18.551485

2304
50.599304
19.302682

2305
50.191707
19.268200999999998

2306
49.960395999999996
19.899988999999998

2308
50.574554
19.355532999999998

2309
50.031093
19.940088

2310
51.819824
19.303153

2311
50.162096999999996
19.307411

2312
50.139717
18.603400999999998

2313
50.431197999999995
18.952586999999998

2315
50.124683999999995
19.021008

2316
50.050258
21.409076

2318
51.754829
19.45927

2319
50.540855
19.367521

2320
53.170092999999994
22.073629

2322
49.482547
20.031204

2323
49.723639999999996
19.691776

2324
50.061119
18.599266999999998

2325
52.226127
20.959619

2326
51.636913
17.811719

2327
50.573532
21.671644

2328
50.089808999999995
18.578858999999998

2329
50.070330999999996
18.50102

2330
52.225597
20.95177

2331
50.110969
18.516067

2333
50.083858
18.553703

2334
52.652248
19.067767999999997

2335
51.521274
20.020645

2336
53.131724999999996
17.994152

2337
52.475814
21.030485

2339
50.082885
19.953466

2340
52.091823
21.026906

2341
50.053858999999996
18.512569

2342
51.795677
16.659194

2343
52.43848
16.911312

2345
53.343933
15.034167

2346
51.404993999999995
21.133437999999998

2347
51.751357999999996
18.076883

2348
50.054828
18.626314

2349
50.549163
19.291669

2350
52.254450999999996
20.984534999999997

2351
50.274874999999994
19.133122999999998

2352
49.969764
19.133623

2354
50.567336999999995
19.343045999999998

2355
50.568118999999996
21.669462

2357
50.108852
19.199094

2358
49.613473
19.963586

2359
50.14067
18.52337

2360
50.337813999999995
18.199120999999998

2361
51.539566
20.011426

2362
49.548750999999996
22.238103

2363
52.248469
21.194429

2364
50.061557
19.928490999999998

2365
49.901073
20.140577

2366
49.93766
20.24085

2367
53.743831
20.495321

2368
51.118621
20.89944

2369
52.361067999999996
16.523619999999998

2370
53.785948999999995
20.456339999999997

2371
51.647228
17.807653

2372
53.778842
20.478524999999998

2373
49.94992
20.300639999999998

2374
52.244975999999994
21.211259

2375
53.759555
20.457373999999998

2376
53.791069
20.514419

2378
52.308765
17.822074

2379
50.803909
19.103872

2380
50.223490999999996
18.817632

2382
50.023433
18.33835

2383
49.90837
19.966870999999998

2384
51.628231
19.445919999999997

2385
49.723796
20.323738

2387
54.087028
22.925752

2388
53.747378999999995
20.47289

2389
53.765131999999994
20.429078999999998

2390
50.146381
18.778962999999997

2392
49.666587
22.00217

2393
50.816078
19.109554

2394
52.692386
22.05614

2395
50.018004999999995
19.983933999999998

2396
51.647369
17.812669

2397
50.788314
20.619054

2398
51.074768
17.722675

2399
51.651458
19.54865

2400
51.537254
20.015092

2401
50.792514
19.132741

2402
51.624057
17.829797

2404
51.051241999999995
21.084806

2405
50.233142
19.166245999999997

2406
49.547286
22.215269

2407
49.896068
20.269614999999998

2408
50.787639
19.147320999999998

2409
52.606792
20.361282

2410
50.150923999999996
19.745548

2411
49.723472
22.048339

2412
50.184391
18.800076999999998

2413
50.778442
19.154813

2414
50.835905999999994
19.157553999999998

2415
50.269465999999994
19.453598

2416
50.181537
18.890712

2417
51.796409
18.34435

2418
50.810489
19.105058

2419
49.904956
19.996223

2420
49.682677999999996
22.033469999999998

2421
50.792144
19.025388

2422
50.295558
18.646978

2423
50.033274999999996
20.661732999999998

2424
50.714431
22.407729999999997

2425
50.76197
19.062419

2426
50.192001
20.295509

2427
49.822520999999995
19.62059

2429
51.523117
20.009176

2430
51.625667
17.800964

2431
49.645179
22.042436

2432
51.640978999999994
19.457629999999998

2433
50.805187
19.124586

2434
50.80157
19.070354

2435
50.752994
19.098617

2436
50.179556999999996
19.860256

2439
53.2975
21.095299999999998

2440
49.988417999999996
20.05878

2441
50.805426999999995
19.151283

2442
54.103911999999994
22.9225

2443
50.843275999999996
19.107978

2444
49.97829
19.179958

2445
52.216620999999996
16.3526

2446
51.650192
17.83159

2447
50.818588
19.09946

2448
51.515395999999996
20.024957

2450
50.170745
18.775641999999998

2451
50.187627
18.855242

2452
49.567554
22.166705999999998

2453
49.653312
21.15958

2454
49.901447
20.019804999999998

2455
49.828745999999995
19.421606999999998

2456
50.832462
19.065723

2457
50.767337
19.148782

2458
53.056326999999996
21.616799999999998

2459
53.789848
20.44153

2460
53.726608
20.476459

2461
50.136829
19.397309999999997

2462
50.060531
19.291189

2463
52.349945
21.209321

2464
50.508196999999996
19.414376999999998

2465
50.208090999999996
18.821427999999997

2466
50.151809
19.489759

2467
49.970133999999995
20.012221999999998

2468
50.197998
18.745607

2469
51.67424
19.52017

2470
50.304134
18.725248

2471
50.692958
22.436018999999998

2472
49.74295
19.600669

2474
54.104579
22.965958999999998

2475
50.094228
19.234249

2476
50.284873
21.433885

2477
49.700683
22.028827

2478
50.300585999999996
19.389877

2479
53.766276999999995
20.491369

2480
51.058574
19.408161

2482
50.176769
19.45018

2485
50.310418999999996
18.853595

2486
52.346636
20.884254

2488
51.662471
19.555588999999998

2489
51.642261
19.494979

2490
52.446787
16.987621

2491
53.74221
20.472396

2492
50.165565
18.910215

2494
51.446521
20.462878999999997

2495
50.293399
21.427664999999998

2496
49.917331
20.23653

2497
53.765598
20.480649

2498
53.760363999999996
20.504821

2499
49.689723
22.008070999999997

2500
53.775531
20.50612

2501
53.752731
20.493267

2502
50.23064
19.213949

2503
52.305156
16.506709999999998

2504
51.376194
20.287134

2505
50.81932
19.204465

2506
49.903774
20.200317

2507
50.208209
19.472479999999997

2508
50.176871999999996
18.853904

2509
51.690048
19.52913

2510
53.740317999999995
20.511619

2511
49.568843
22.196367

2512
49.56145
22.206986999999998

2513
50.117763
19.920768

2514
51.102923999999994
20.858853999999997

2515
51.11824
20.884649

2516
51.106570999999995
20.879489

2518
50.494014
19.427698

2519
50.750502999999995
17.617469

2520
50.751231999999995
17.625159999999997

2521
50.814040999999996
19.136364999999998

2522
53.803568999999996
20.44252

2525
52.236885
20.994391999999998

2526
53.775451
20.4699

2527
49.89188
20.22211

2528
50.701698
22.413019

2530
51.661758
19.446448999999998

2531
50.492236999999996
19.441768

2532
53.789488999999996
20.485989999999997

2533
54.100204
22.913206

2535
52.357077999999994
16.517559

2536
50.183307
18.762302

2537
50.850851999999996
17.462391999999998

2538
50.129912999999995
18.903613999999997

2539
54.090289999999996
22.929685

2540
51.662986
19.491927999999998

2541
49.709083
19.968398999999998

2542
49.558730999999995
22.212232

2543
49.97723
20.902841

2544
53.804271
20.40065

2547
53.791652
20.498542

2548
53.78141
20.495718999999998

2549
51.070121
21.058839

2550
53.737091
20.497609999999998

2551
53.759108999999995
20.47009

2552
49.706016
22.026287

2553
49.975528
20.227159

2554
49.920471
19.987113

2555
50.036724
21.065044

2557
50.795043
19.157373

2558
49.66999
21.179133999999998

2559
54.09872
22.928283

2560
51.637381999999995
17.822536

2562
50.152561
18.840011

2563
50.491439
18.92267

2564
49.882079999999995
20.021573999999998

2565
50.084132999999994
19.968415999999998

2566
50.202441
19.137204

2567
51.055941999999995
21.056896

2568
54.11935
22.925796

2570
50.903621
18.938329

2571
49.657215
22.078317

2572
51.649059
19.58436

2573
49.692699
22.024969

2574
51.655857
17.821396999999997

2575
51.643722
17.814892999999998

2576
49.814521
19.596269

2577
49.832088
19.674519999999998

2578
51.190487
20.407413

2579
51.382731
20.273837999999998

2580
50.100009
19.305629

2581
49.937819999999995
20.102377999999998

2583
50.174296999999996
18.906817999999998

2584
50.171428
19.434759

2585
53.114131
19.054973

2586
54.08871
18.794935

2587
54.105647999999995
22.913031999999998

2588
50.191886
18.449092

2589
49.717132
19.978445999999998

2590
53.102382
19.051569

2591
49.840517999999996
19.580659

2592
51.04512
21.068009999999997

2593
52.184169
20.869329

2594
52.624317
20.375663

2595
50.247116999999996
19.133875

2596
50.097362
19.266205

2597
52.314738999999996
17.82323

2598
51.657913
17.774074

2599
50.039519999999996
20.134674

2600
52.320052999999994
17.563375

2601
49.826178999999996
19.65637

2602
49.674011
21.962457

2603
52.383129
16.60567

2604
50.186962
19.323646

2605
51.671161
19.47052

2608
50.908778999999996
18.938748999999998

2609
50.200309
19.4484

2610
50.165699
18.899476999999997

2611
50.166778
19.447029

2612
49.697437
22.016323

2613
50.18391
19.47874

2614
50.197029
18.862142

2616
51.673550999999996
17.811256

2617
49.712924
22.012608999999998

2619
49.88285
19.91753

2620
49.693583999999994
22.018402

2622
53.127047999999995
18.048759

2623
51.644931
17.863584

2624
51.029705
21.047517

2625
49.675567
22.053359

2626
53.720116
16.683844

2627
51.696441
19.478009999999998

2628
51.798248
18.33286

2630
51.642261
17.799706999999998

2631
50.297675999999996
21.469804

2632
50.04
19.220564

2633
51.036632
21.063194

2634
51.638504
17.828035

2636
49.657829
18.865583

2637
49.934158
20.280359

2640
52.352539
16.52366

2641
54.118618
22.944974

2642
49.90372
19.482742

2643
50.284324
19.341918

2644
50.759498
17.682609

2645
50.266605
21.460821

2646
53.412783999999995
23.525384

2647
51.758860999999996
20.248151

2648
50.161258
19.471539999999997

2649
51.682089999999995
19.450359

2650
52.321517
17.585821

2651
49.935111
20.06409

2652
51.542606
20.003470999999998

2654
49.982161999999995
20.986631

2655
50.135611999999995
19.759342

2656
52.229667
16.37877

2657
49.424743
20.464354999999998

2658
51.691719
19.492219

2660
50.271972
19.911580999999998

2661
52.33105
16.54039

2662
49.949954999999996
19.801415

2664
51.079204
19.393356

2666
51.820003
19.309369999999998

2667
51.823204
19.306776

2669
49.981294
19.236248

2670
52.232994
21.082338

2671
51.389464999999994
20.280452

2672
50.665554
17.986034

2674
54.485285999999995
18.518304

2675
50.421067
18.868527

2676
50.266403
19.026922

2678
50.459239
18.0251

2679
52.215671
20.977428

2680
50.404697
16.512366999999998

2682
52.018913
18.511993

2683
52.555403999999996
17.814495

2684
49.748607
18.63372

2686
50.848831
17.46396

2688
52.097567999999995
20.724605

2689
50.094646
19.951517

2690
49.757445999999995
21.163415

2691
50.84959
17.495615

2692
54.697921
18.674191

2693
49.73059
21.249805

2694
50.387465999999996
19.761259

2695
50.748782999999996
20.619436

2696
52.278045
19.660594

2697
52.324318999999996
21.069315

2698
49.719718
21.312258999999997

2699
50.855776999999996
17.453198999999998

2700
51.072424999999996
16.965953

2701
50.056919
19.929685

2703
49.734370999999996
21.155845

2704
50.196715999999995
20.28799

2705
50.118807999999994
20.009399

2706
52.645523999999995
16.085604

2707
50.005801999999996
20.113284

2709
51.155482
16.897788

2710
50.439029
18.836949999999998

2711
50.488330999999995
17.348637999999998

2712
51.046251999999996
17.114335999999998

2714
50.163349
20.082435

2715
52.132846
20.711800999999998

2716
51.061533999999995
19.467584

2717
52.183158
21.041603

2718
50.479614
19.434694

2720
52.221627
20.938779999999998

2721
52.46286
17.020246

2722
53.361694
17.059950999999998

2723
50.491516
18.004829

2724
52.269963999999995
20.983252

2725
50.861895999999994
17.469449

2727
53.364166
17.051374

2728
52.940708
17.90442

2729
51.036514
19.464885

2730
51.077846
17.700418

2731
52.184588999999995
21.06826

2732
50.412639
16.509052

2733
52.251937
20.84387

2734
49.777465
20.419755

2735
50.233444
19.31648

2737
51.614771999999995
15.320789

2738
51.078658999999995
19.452158999999998

2739
50.145145
20.10931

2740
50.192347999999996
20.286115

2741
50.859046
17.479024

2742
51.084899
16.981613

2743
50.043729
19.987848

2746
49.756858
21.125873

2747
52.811836
17.204444

2748
50.396941999999996
18.897161

2750
49.735824
21.296609

2751
53.98661
20.414106

2752
49.689163
21.240228

2754
51.087801999999996
19.417379

2755
49.842605
19.123065

2756
50.001315999999996
19.925144

2757
50.451308999999995
18.921594

2758
53.990524
20.395025

2760
50.188457
18.921415

2761
52.170165999999995
22.264550999999997

2762
50.229783
18.775768

2763
50.489208
19.420747

2764
52.330223
21.02206

2766
50.449996
18.912128

2768
50.534568
17.967952

2769
52.122985
20.759296

2771
53.360923
17.043530999999998

2772
50.462955
18.92472

2773
52.952704999999995
17.919729

2774
53.364414
17.017419

2778
51.068549999999995
19.438561999999997

2780
50.504256999999996
17.959758

2781
50.483557999999995
18.085554

2782
53.943729
20.432257999999997

2783
53.364292
17.010187

2787
50.742674
23.764222999999998

2788
50.526584
18.061965

2789
50.296153999999994
19.383819

2790
50.751435
23.767177

2793
50.591255
16.5127

2795
50.422045999999995
18.923997

2796
53.370703999999996
17.023367999999998

2798
50.434031999999995
18.897724

2800
50.497603999999995
19.413469

2801
51.37656
20.269403

2802
52.426775
19.463862

2804
50.210978999999995
19.105472

2805
49.845836
19.139545

2808
52.868981999999995
20.60653

2809
54.036277
22.503985999999998

2810
53.101085
21.549169

2811
51.054237
19.454538

2812
54.320091
18.636459

2813
50.528746999999996
18.010849999999998

2815
50.517879
17.96935

2816
53.363524999999996
17.044635

2818
49.807621
19.5652

2819
53.477142
18.741159

2822
52.403479999999995
20.920932

2823
53.566601999999996
20.990444999999998

2824
52.416717
19.473516

2825
53.364036
17.040810999999998

2826
50.444224999999996
18.855494999999998

2827
50.182739
19.977823

2828
51.375308
20.257168999999998

2829
49.733489
21.258782999999998

2831
50.851662999999995
20.627541

2832
50.174307999999996
19.987904999999998

2833
52.375068
20.927077999999998

2836
54.519813
18.537679

2841
54.046538999999996
22.494325

2843
49.756484
19.48562

2847
52.956348
17.918497

2849
49.971877
20.040339

2850
50.493373
19.491193

2851
52.405944
20.91835

2853
50.172388999999995
19.532569

2855
50.190765
20.287589999999998

2856
49.737643999999996
21.268141999999997

2858
49.702762
21.255125

2860
51.080439999999996
19.401332

2863
51.078810999999995
19.470048

2864
51.066261
19.426235

2865
49.980911
19.881126

2866
49.712547
19.47133

2867
51.081748
19.451168

2868
51.779243
19.376918

2869
50.136154
20.113139999999998

2872
50.176345
20.130321

2873
52.39365
20.926095

2874
52.559630999999996
17.8264

2875
52.200768
20.869365

2876
50.603116
16.504955

2877
50.465002999999996
18.789424

2878
50.624725
17.962132999999998

2879
53.566452
21.012437

2880
52.171645999999996
20.813629

2882
51.135664999999996
16.927238

2883
50.245177999999996
19.255081

2885
50.408682999999996
16.504867

2886
53.985552999999996
20.401401

2887
54.113563
22.937389

2888
52.183765
20.989828

2889
50.712295999999995
17.990707

2890
50.071842
19.646532

2891
52.298266999999996
19.712381

2892
49.782108
22.764148

2893
50.252368
18.91065

2897
51.092651
19.484764

2898
52.390387999999994
16.785785

2899
49.782897
22.76922

2901
52.324569
17.565269

2902
49.785357999999995
22.777244

2903
50.09422
19.90524

2904
50.113704
19.747567999999998

2905
52.366091
16.830158

2906
49.732887
19.526398999999998

2907
49.757343
21.225448

2908
52.159797
20.806675

2910
49.934394
19.944467

2912
52.53537
19.725649999999998

2913
53.360316999999995
17.037033

2914
49.780142999999995
22.777299

2915
49.721973
21.211081999999998

2917
51.834823
19.281162

2918
53.70198
16.703526999999998

2919
52.397639999999996
20.821773

2920
53.15586
23.200311

2921
52.951999
17.912065

2923
51.070243
19.432958

2924
51.064327
19.447817999999998

2925
50.855506
17.471007999999998

2926
50.489753
18.948686

2928
52.396873
20.895065

2929
50.145877
19.406726

2933
52.56475
17.827886

2934
50.862173999999996
17.461084

2935
50.072967
19.914828999999997

2936
50.186766999999996
20.299910999999998

2938
53.547335999999994
14.558779

2939
51.096832
19.459339

2940
52.156299
21.069115999999998

2941
53.361988
17.031993

2942
49.782505
22.784399

2943
52.178290999999994
20.798171

2945
52.159186999999996
20.813844

2946
51.044605
19.4351

2947
52.157394
20.792198

2948
51.076052999999995
19.415551999999998

2950
53.865592
21.304645999999998

2951
50.401077
16.511701

2953
50.157081
19.253885

2955
50.436447
18.907987

2956
52.399443999999995
17.063406999999998

2957
51.078029
19.421499

2958
50.439113
18.93612

2959
52.157118999999994
21.02684

2961
53.734344
18.939571

2962
54.488887
18.549041

2963
54.343086
18.608072

2964
50.679688
16.589378

2965
52.161041
22.255111

2966
51.804992
19.757322

2967
52.451057
16.872348

2969
50.652862
17.95647

2972
49.991049999999994
19.913595

2974
51.024795
17.113704

2975
49.989169999999994
19.727434

2976
52.177284
22.273312999999998

2977
49.660308
21.160116

2980
49.863704
19.392692

2985
50.863116999999995
17.450834

2987
49.6823
21.759721

2989
52.233028
20.239483999999997

2990
50.656375
17.857749

2993
51.645182999999996
17.378131

2994
52.180465
22.28153

2996
50.761458999999995
17.872531

2997
53.267036999999995
18.947485999999998

2999
50.308845
19.073294999999998

3000
50.143882
19.909423

3001
51.790172
19.322065

3002
52.16679
22.274269

3007
52.560058
17.821096

3008
53.074870999999995
21.587009

3009
51.680575999999995
17.284267

3010
50.684677
16.611511

3011
52.160582999999995
22.245939

3013
50.656185
17.901653

3015
50.704204
17.859996

3016
51.696070999999996
17.441928

3021
51.797916
19.744833999999997

3022
53.285689999999995
18.94482

3023
52.172534
22.277272999999997

3025
49.900580999999995
19.671884

3028
53.222331999999994
20.954887

3029
53.139125
17.604362

3030
53.246005999999994
20.945974

3031
49.666098999999996
18.860799

3032
51.800200999999994
19.760091

3033
52.166793
22.287702

3038
50.676218999999996
17.882389

3039
53.412347999999994
23.536801999999998

3041
52.319423
20.883074999999998

3044
50.642944
17.986055

3046
53.492903999999996
18.750173

3047
49.901438999999996
19.549228

3049
53.615024
14.510468999999999

3051
51.768142
20.248268

3053
50.689372999999996
21.730161

3054
53.236292999999996
20.879237999999997

3056
52.316333
17.812832999999998

3057
50.117134
19.616547999999998

3059
49.961025
19.942815

3060
53.238459999999996
17.766752

3061
50.648616
17.867653999999998

3063
53.308181
21.033400999999998

3065
52.172168
22.301572

3066
53.539699
14.578859

3067
53.53926
14.560894

3068
53.252345999999996
20.898857

3069
54.602283
18.357339

3070
50.117720999999996
19.47878

3071
50.169920999999995
19.805629

3072
50.157942999999996
19.979183

3074
51.700523
17.422765

3075
50.110118
19.700526999999997

3076
50.858183999999994
17.485006

3080
51.761523999999994
20.24934

3081
50.083518
19.351969999999998

3082
53.362795999999996
17.033798

3083
50.139658999999995
19.398357

3085
50.737536999999996
17.879903

3086
50.682131999999996
17.854281999999998

3087
53.658190999999995
14.510256

3088
53.131034
17.604039999999998

3089
50.148193
19.709249

3091
50.317378
19.062158

3092
51.765097999999995
20.257293

3093
50.213466
18.979522

3094
49.831108
19.458015

3095
50.116699
19.914289

3096
52.155632
22.280234999999998

3097
49.87957
19.517568

3098
49.866012
19.575038

3099
52.160101999999995
21.216836

3101
49.88171
19.496667

3102
51.606097999999996
17.532356

3103
51.679477
17.382276

3104
49.888121999999996
19.492479

3105
50.325542
19.075162

3106
50.680225
17.928556

3107
49.565742
20.631956

3108
49.883781
19.493093

3109
53.255252
21.052255

3112
52.950374
17.914331

3113
50.169643
19.751341999999998

3114
49.93481
20.357543

3115
50.695246999999995
16.63624

3116
50.687703
16.625747

3117
51.403465
21.9726

3118
49.869032999999995
19.671461

3119
51.802295
19.7247

3120
52.160511
22.266557

3121
53.137054
17.601637999999998

3122
53.119518
17.966119

3123
51.758776999999995
20.241844

3129
53.343802999999994
15.009447

3130
53.552164999999995
14.573353

3131
53.161440999999996
17.91715

3132
53.534465
14.588892

3137
50.488037
19.42061

3140
51.769293999999995
20.262908

3142
51.401751999999995
21.978702

3145
52.98912
22.241289

3147
51.774501
20.262323

3148
52.124140999999995
20.721678999999998

3152
49.854011
19.434048999999998

3153
50.373084999999996
19.771224

3154
52.798857999999996
17.196531

3158
50.377669999999995
19.756501999999998

3161
51.415248
21.953416

3162
53.539356
14.542781999999999

3163
53.260341
20.900437999999998

3166
51.668434
17.282232

3168
51.423922999999995
21.947475

3171
52.323935999999996
20.916214999999998

3172
50.705638
17.913476

3173
49.870940999999995
19.676880999999998

3177
52.164707
21.083109999999998

3178
49.993365999999995
19.946924

3181
53.143898
17.601554

3182
51.765167
20.253550999999998

3183
51.945052999999994
21.769766999999998

3184
52.41941
19.459932

3185
51.965590999999996
19.720952

3187
53.541221
14.557786

3189
49.862762
19.521691999999998

3190
52.24577
21.018223

3192
52.229155999999996
21.063245

3193
50.087832999999996
19.561767

3194
54.715838999999995
18.017023

3195
52.165256
22.313201

3196
50.634440999999995
17.908075

3197
50.346477
21.462598999999997

3198
50.720321
17.902573999999998

3199
53.544128
14.550818

3200
49.856249999999996
19.481486999999998

3202
51.643028
17.382928

3203
51.608352
17.524701999999998

3207
52.183757
22.27234

3208
49.845133999999995
19.509359

3209
50.117667999999995
20.033666

3210
50.607105
17.972991

3212
50.385265
19.759111

3214
49.920604
19.935964

3216
49.862701
19.618463

3218
49.885386999999994
19.489341

3219
53.205062
17.799297

3220
50.040985
20.166885

3223
50.38319
19.770954

3224
51.439704
21.953868

3225
49.819137
19.084531

3228
52.161289
22.280168

3230
53.501998
18.779109

3234
54.350051
18.628761

3235
50.301657999999996
19.100309

3236
50.704688999999995
17.932838

3239
50.763183
17.931148

3240
51.693332
17.459578999999998

3242
50.685443
17.819713

3244
53.267333
18.982212

3245
53.492267
18.754409

3246
51.412344999999995
21.991543999999998

3247
52.555403999999996
17.814495

3251
53.538425
14.549019999999999

3252
53.592472
14.539463

3259
49.853553
19.501117

3260
50.622909
17.997446

3261
53.007315999999996
17.73423

3263
50.681312
17.950326

3264
50.667114
17.898843

3266
52.977729
22.242044

3268
50.650154
17.925195

3270
50.133579
19.905572

3271
52.358664999999995
20.863256

3272
49.869262
19.549654999999998

3274
53.431414999999994
18.728109

3275
50.118933999999996
19.855881999999998

3279
49.872688
19.455386999999998

3281
52.173458
21.069259

3282
50.097125999999996
19.992093999999998

3283
52.349821999999996
21.257883

3284
51.646297
17.785667

3285
52.848608999999996
17.958292999999998

3286
50.032309999999995
19.76156

3287
50.663985
21.749088

3288
50.050373
20.27144

3289
51.705528
17.419437

3291
52.350155
21.230245

3292
52.254703
20.275188

3293
50.101192
20.698278

3295
49.887640999999995
19.575122

3297
52.824419999999996
18.043252

3300
51.687968999999995
17.429336

3303
51.758071
19.455717

3307
53.747402
20.445209

3310
52.854022
17.938104

3311
51.470859
21.447457999999997

3313
50.096481
19.718287999999998

3314
49.961704
19.137838

3315
52.215736
20.227973

3317
50.903228
15.731404

3318
53.493525999999996
18.761798

3319
50.066978
20.707693

3322
52.630527
16.100381

3323
49.665012
21.140978999999998

3328
52.203125
21.01341

3330
51.465731999999996
21.436477

3331
51.479060999999994
21.447554999999998

3333
50.150329
19.520979999999998

3334
50.666225999999995
16.600931

3335
49.946731
20.213829999999998

3336
50.151027
19.567293

3339
52.082603
21.009297999999998

3340
54.685278999999994
18.717423999999998

3342
50.205389999999994
19.511958999999997

3345
51.945423
21.767581

3346
51.692329
17.437186999999998

3348
52.16146
20.795005

3351
54.603801
18.265159

3353
52.863876
17.944157999999998

3356
49.440031999999995
20.418889

3357
52.344701
21.239687999999997

3358
51.596872
18.748254

3360
50.683639
21.737264

3361
54.441013
18.566858

3364
53.495582
14.479837

3365
49.309329
19.9638

3366
54.322886999999994
18.63318

3367
52.16473
22.279678

3368
52.102188
21.00387

3369
50.165267
19.623400999999998

3372
50.009496
20.120855

3376
51.086126
17.056293999999998

3378
51.808502
19.318046

3380
50.266239
19.02449

3381
51.817405
19.306758

3382
54.342318999999996
18.661989

3387
54.409755
18.564007999999998

3389
54.541957
18.465553

3390
52.127959999999995
21.104139

3391
53.074484999999996
21.542403999999998

3392
52.168879999999994
21.115627

3393
54.711132
18.018394

3396
50.196979
19.423189

3401
54.341471999999996
18.647759999999998

3402
52.170437
20.886104

3403
54.35514
18.632915

3404
49.968036
20.61338

3405
52.146815
20.814351

3407
51.818073
19.302633

3410
52.219004999999996
20.989127

3411
51.815315
19.309926

3412
53.546561999999994
14.573924

3413
49.752384
19.96981

3419
52.714755999999994
22.052963

3421
51.821365
19.316232

3422
52.817778999999994
18.035697

3425
51.292674999999996
18.167406

3426
54.373332
18.61919

3428
50.129394
19.393911

3430
49.985546
20.059960999999998

3431
52.173460999999996
21.106142

3432
54.348544999999994
18.649663

3434
54.669948
18.037649

3438
52.168949
20.788925

3439
50.447246
18.941104

3440
52.142902
21.144647

3442
52.229411999999996
20.982093

3443
52.434008999999996
19.467823

3445
50.172743999999994
19.406551

3446
53.138031
17.592973

3448
51.055595
19.436768999999998

3449
51.153971999999996
16.928575

3450
50.8153
23.906587

3451
49.962191999999995
18.71878

3455
53.076389
21.564477

3456
49.626197
20.700343

3457
50.706661
22.42885

3458
54.380843999999996
18.601373

3459
51.806491
19.762891

3460
49.749007999999996
21.193029

3463
51.454463
20.479837

3464
50.255866999999995
16.821286999999998

3465
52.257636999999995
20.896432

3467
51.798491999999996
19.753396

3468
52.692104
22.059272

3469
49.872412999999995
19.498264

3471
52.575077
17.816232

3473
50.480621
19.44153

3476
54.521330999999996
18.538648

3477
53.084232
21.567539

3478
54.400222
18.669093999999998

3479
51.822544
19.301455999999998

3481
52.856601
17.926553

3482
53.784599
20.540212999999998

3483
54.108726
22.953505999999997

3484
50.80478
23.886537999999998

3485
52.869353999999994
17.945646

3486
49.844226
19.158748

3488
54.557894999999995
18.472139

3489
50.678497
21.748514

3490
54.715637
18.025121

3491
54.493601999999996
18.541019

3493
52.230990999999996
21.110291999999998

3494
52.429007999999996
19.457684999999998

3497
53.138991999999995
17.574642

3499
51.090571999999995
19.431860999999998

3500
51.423164
21.986082

3501
50.14188
19.417156

3502
51.693675
17.449158999999998

3504
51.703224
17.436714

3505
52.946352999999995
17.911115

3507
52.278437999999994
20.971242

3509
50.103549
19.32397

3511
52.198467
21.021537

3513
50.299338999999996
18.775247

3516
50.081202999999995
18.526903

3517
53.100818
21.617727

3519
51.034926999999996
17.147323

3520
50.483864999999994
19.431366999999998

3521
51.808448
19.303342

3522
50.348804
18.908433

3526
51.473147999999995
21.440973

3528
50.104408
18.882383

3530
51.801246
19.766651

3532
51.474326999999995
21.461557

3533
51.681121
19.536579

3534
50.252466999999996
16.807420999999998

3538
51.805972999999994
19.742027

3540
49.910773999999996
19.629179

3541
51.481089999999995
21.457013999999997

3543
51.795626999999996
19.756211999999998

3547
50.159907999999994
19.520709

3548
53.210231
20.848367

3549
52.854659999999996
17.947584

3551
52.857471
17.939058

3553
51.416694
21.972811999999998

3554
53.267196
20.899675

3555
49.887329
19.732423

3556
53.550781
14.567001

3557
52.628395
20.367027

3558
52.233653999999994
20.228111

3560
50.688418999999996
17.914777

3561
51.296009
18.168415

6
50.913433
15.765607999999999

7
51.086225
17.012688999999998

8
51.129377999999996
17.029249999999998

9
53.121764
17.987906

10
53.134083
17.995708

11
53.028647
18.666103

12
51.259431
22.569132999999997

13
51.75805
19.529785999999998

14
51.775411
19.4509

16
51.939783
15.518861

17
50.057677999999996
19.926189

18
50.010574999999996
19.949189

19
50.069308
20.053492

20
52.407578
20.955928

22
52.191728
20.837488999999998

23
52.550937999999995
19.709791

24
51.399083999999995
21.147474

25
52.172145
22.282000999999998

26
52.219297999999995
21.004724

27
52.290864
21.042458

29
52.160771999999994
21.033818999999998

30
52.053810999999996
20.429892

31
50.349609
18.236574

32
53.126689
23.155869

33
49.744884
21.454615999999998

35
51.189524999999996
20.408891

36
49.784338999999996
22.756238999999997

37
54.380278999999994
18.620274

42
50.279333
18.655763999999998

43
50.264610999999995
18.975028

45
53.789232999999996
20.486075

46
51.749052999999996
18.048389

47
52.398174999999995
16.959519

49
53.432168999999995
14.553899999999999

51
51.667981
19.368683

52
51.404405999999994
19.696956

53
51.067439
19.448694

54
52.738214
15.228667

56
51.799721999999996
16.3175

57
51.642655999999995
15.127808

58
50.057446999999996
19.946008

59
50.099360999999995
20.018317

60
50.081196999999996
19.895357999999998

61
49.619281
20.714403

62
49.483596999999996
20.028992

64
49.971047
19.830422

65
50.020168999999996
21.004167

66
50.159406
19.477463999999998

67
49.293563999999996
19.960082999999997

72
53.181394
22.054381

75
50.024242
22.010575

76
54.367777999999994
18.701111

78
54.353336
18.635282999999998

79
54.400833
18.657497

81
54.465758
18.464911

82
54.525273999999996
18.536382

84
54.031247
19.032899

86
54.431667
18.579722

88
50.878997
20.633691

90
49.813463999999996
19.027317999999998

91
49.738136
18.639069

92
50.817676
19.117426

93
50.836389
19.130111

94
50.329111
19.231222

95
50.111180999999995
18.516139

96
50.285956
19.184399

97
50.099903
18.990236

99
50.007628999999994
18.455548

100
50.3165
18.772375

101
49.671602
19.234446

102
54.167846999999995
19.410942

105
50.732817
16.648049999999998

106
50.433493
16.65366

107
51.204502999999995
16.180512999999998

108
50.579913999999995
16.514422

111
50.768729
16.269676999999998

113
53.49355
18.762138999999998

115
52.793122
18.241044

117
53.012260999999995
18.606203

118
52.658466999999995
19.059314

119
51.754613
19.434925

121
53.692468999999996
19.969777999999998

123
52.225632999999995
18.269036

124
53.154408
16.759572

125
52.420319
16.877288999999998

126
54.193985999999995
16.172544

127
53.470889
14.556249999999999

128
53.698899999999995
16.704572

2052
50.017875
20.993

2055
50.299127999999996
21.440942

2058
50.666736
17.899137

2059
53.828455
22.34845

2060
53.694627999999994
19.968892

2063
50.716628
23.290246999999997

2065
52.449331
16.999683

2066
50.100569
20.122560999999997

2067
52.285073
20.933018

2071
49.743131
19.600338999999998

2072
49.802074999999995
19.04861

2081
49.872355999999996
19.498023

2983
51.421893999999995
21.960366999999998

3126
51.397331
21.979855999999998

3146
49.987949
18.592948

3160
50.307018
19.400308

3222
50.284800999999995
19.308553

3256
49.844226
19.158748

3258
49.988437
18.558069

3515
49.494246999999994
20.039953

362
50.045463
18.69354

402
52.015491
18.499015

404
52.055125999999994
20.444581

539
49.977565
18.941522

574
51.134142999999995
23.472528

612
52.876022
20.61524

624
52.795578
18.258665

670
50.727275
23.251289

698
49.746559
21.475365999999998

720
54.086608
18.794082

735
50.307102
18.781468999999998

759
50.003817999999995
18.469715

786
51.594454999999996
18.737506

791
50.321875999999996
19.133976999999998

807
52.804126
21.896057

850
51.417964
21.964838

853
51.762240999999996
18.087985

869
50.438525999999996
16.652984

898
52.232402
20.242357

907
50.373683
18.946464

952
54.157900999999995
19.405905999999998

1002
50.728553
16.651683

1005
51.66468
19.349985

1020
53.733455
18.927844999999998

1024
54.036407
19.035743

1038
54.602405
18.238006

1077
50.243247
19.140411

1079
49.949554
18.595807999999998

1107
51.409113999999995
19.685852999999998

2152
50.247794999999996
18.741539

2172
51.491839999999996
19.989577999999998

2226
51.413115999999995
19.668483

2356
52.506496
16.269002

2517
49.500415
20.066043

2545
50.116828
20.11815

2785
49.833869
19.510429

2791
52.50637
16.257352

2982
51.393114999999995
19.696012

3037
52.518802
16.255989

3073
51.402702
19.6804

3133
51.416354999999996
19.675254

3134
51.421969999999995
19.691032

3138
50.123638
18.980515999999998

3143
51.996714999999995
16.583713

3144
52.345493
21.245106999999997

3149
52.510963
16.258293

3150
52.035461
16.5426

3159
52.507307999999995
16.249119999999998

3169
51.407095999999996
19.696853

3180
50.285339
21.420738

3221
52.007979999999996
16.526070999999998

3229
51.705528
17.419437

3232
52.518901
16.269657

3238
51.405657999999995
19.738416

3241
51.402088
21.157685999999998

3248
51.397189999999995
21.203269

3253
52.006361999999996
16.571289999999998

3269
52.396873
20.895065

3290
51.424907
19.654667999999997

3296
52.410964
20.889587

3309
50.115196
18.989158

3324
52.055952999999995
16.490007

3347
52.014793
16.529374999999998

3352
51.412979
21.162527

3362
52.559630999999996
17.8264

3385
51.40501
19.689172

3420
51.401030999999996
19.691005

3435
50.125578999999995
18.985446

3461
51.410633
19.709215

3474
51.083934
17.039009

3492
51.405356999999995
19.709104

3535
50.108989
18.973205

3544
51.42023
21.173948

3765
50.841873
16.487828999999998

3769
51.393474
21.176294

3772
51.614505
15.322999

3773
51.413669
19.689992

3776
51.406538999999995
19.663702

3777
51.401649
19.663574

3782
50.317046999999995
21.479623

3783
51.386741
21.166175

3784
51.376594
21.128662

3787
49.938133
18.933049999999998

3789
50.142959
18.950132

3791
50.291305
21.474382

3794
51.391242
21.161141999999998

3795
51.401779
19.721978999999997

3798
51.406692
21.121409999999997

3800
51.410129
19.694883

3801
51.365885999999996
21.128255

3803
50.110648999999995
19.000587

3804
51.391695999999996
21.132354

3807
51.419745999999996
19.680135

3809
52.646975999999995
16.071628

3813
51.375620999999995
21.173242

3814
51.377147
21.189359

3815
51.411331
19.678993

3822
50.100336999999996
18.991062

3828
50.258494999999996
18.996675

2786
50.214847
19.264602

3384
50.23064
19.213949

3793
50.032309999999995
19.76156

408
50.476504999999996
17.335777

1001
50.143882
19.909423

2284
50.48619
17.2546

2438
53.872820999999995
21.297266999999998

2449
51.588476
18.722827

2932
51.400290999999996
21.123072999999998

3124
53.863388
21.28907

3156
51.389644
21.122277999999998

3294
53.848082999999995
21.30661

3350
53.863262
21.306575

3377
53.875052999999994
21.317225999999998

3388
51.444072
21.148671999999998

3427
53.852591999999994
21.302965

3441
51.438232
21.158289999999997

3512
50.471785999999994
17.332372

3524
50.455921
17.333143

3780
51.383776999999995
21.154871999999997

3788
51.364447999999996
21.092129999999997

3792
53.876349999999995
21.304617999999998

3802
51.46265
21.160767999999997

3812
51.37601
21.156049

3821
50.434188
17.30652

3823
50.464946
17.356634

3829
53.881412
21.297083999999998

3830
50.473709
17.328405

3831
53.867725
21.290060999999998

2180
50.796203
19.005392

2968
52.852976999999996
19.667158

3012
53.006823999999995
17.724532999999997

3052
50.784416
18.962975999999998

3078
51.385089
21.179691

3155
53.008022
17.744851999999998

3255
53.013137
17.740022

3305
53.000704999999996
17.723041

3770
52.858657
19.675929999999997

3778
51.407272
21.181285

3785
52.856944999999996
19.662765

3790
50.793529
18.948423

3796
50.771694
18.97335

3834
52.848468
19.662046

3301
52.889995
18.002337999999998

3363
51.379267999999996
21.085348

3417
52.403656
20.948269999999997

3542
52.420806
20.924094999999998

3771
51.387474
21.123106

2607
50.042476
19.826992999999998

3005
51.965590999999996
19.720952

3165
52.171645999999996
20.813629

3205
51.742937999999995
19.81372

3231
51.750319999999995
19.813318

3338
50.093619999999994
19.924136999999998

3349
51.742042
19.822988

3767
51.393733
19.685313999999998

3781
53.029253999999995
18.013509

3825
52.102188
21.00387

3826
50.073164999999996
20.027744

3856
50.099239
19.953954

2952
50.053768
21.415149

2219
53.418212
14.531329

2281
51.31566
21.256635

2428
51.161963
21.237014

3027
51.379953
21.246533

3188
51.249176
21.070646

3257
51.324929999999995
21.06824

3344
49.650062
18.869434

3374
51.311716
21.252057

3536
51.588474
18.722827

3545
51.321487999999995
21.121726

3774
51.28244
21.103816

3775
51.164221
21.236389

3824
51.410129
19.694883

3843
51.483909999999995
21.127643

3851
51.413585
21.092854

3855
51.511433999999994
21.119491999999997

1055
49.761447
20.450979

3026
51.746379
19.827623

3204
50.188457
18.921415

3373
53.877112999999994
21.314325

3810
50.819888999999996
19.06624

3836
50.81932
19.204465

3857
50.685443
17.819713

3127
51.584941
18.726484

3179
53.016078
17.991526999999998

3764
50.908778999999996
18.938748999999998

